Manufacturer,Type,Cylinders,Model_Year,Model_Price,Sold_Year,Sale_Price,KM_Driven,KPL,Power,Class,Location,Accident_History,Owner_History,Color,Seller_Type,Service_History
JournalMotors,sedan,6,2001,"71,021 SAR",2002,"51,007 SAR",23906,5.03,2WD,standard,Dhahran,4,1,Silver,company,1
Fourd,crossover,4,2007,"95,978 SAR",2009,"56,909 SAR",15040,9.32,2WD,standard,Makkah,4,4,Black,company,0
Nesshan,sedan,4,2007,"57,129 SAR",2014,"29,692 SAR",61618,23.98,2WD,standard,Madinah,5,2,Black,company,0
Huendae,suv,8,2004,"135,663 SAR",2010,"64,100 SAR",125603,8.43,4WD,premium,Makkah,6,2,Gray,individual,0
Masda,sedan,4,2006,"78,413 SAR",2012,"35,012 SAR",303856,13.52,2WD,premium,Dhahran,6,2,White,individual,1
JournalMotors,sedan,4,2000,"69,628 SAR",2003,"39,291 SAR",17271,6.73,2WD,standard,Dhahran,6,2,Blue,company,0
Toyoda,sedan,8,2006,"67,211 SAR",2010,"41,042 SAR",80886,8.68,2WD,standard,Dhahran,11,2,White,company,0
Honta,crossover,4,2005,"92,251 SAR",2009,"59,406 SAR",36524,19.66,2WD,premium,Jeddah,5,1,Blue,individual,1
Shevy,suv,4,1995,"132,436 SAR",1998,"78,470 SAR",156753,4.6,2WD,premium,Dammam,3,2,Gray,individual,1
Honta,suv,6,1990,"61,200 SAR",1994,"39,809 SAR",46207,7.66,2WD,standard,Dammam,0,1,White,individual,1
JournalMotors,sedan,4,2004,"75,368 SAR",2006,"42,454 SAR",78314,6.44,2WD,standard,Riyadh,5,4,Blue,individual,0
Fourd,suv,6,2005,"115,313 SAR",2012,"49,173 SAR",278116,5.78,2WD,standard,Madinah,6,1,Gray,company,1
Toyoda,suv,6,1997,"84,359 SAR",2001,"48,938 SAR",150348,11.55,2WD,standard,Dhahran,6,1,Gray,individual,0
Huendae,suv,8,2001,"91,313 SAR",2007,"43,145 SAR",78951,8.61,4WD,standard,Dammam,5,3,Black,individual,0
Toyoda,crossover,4,2006,"80,653 SAR",2009,"52,339 SAR",131113,9.7,2WD,standard,Dammam,6,1,White,individual,0
Shevy,suv,6,2001,"149,145 SAR",2007,"66,947 SAR",64404,4.13,2WD,premium,Riyadh,6,1,Black,individual,1
Masda,suv,8,2001,"76,094 SAR",2008,"39,949 SAR",66524,7.98,2WD,standard,Riyadh,3,3,Gray,individual,0
Shevy,suv,4,2006,"117,620 SAR",2008,"77,083 SAR",20162,6.25,2WD,standard,Jeddah,4,3,Gray,individual,1
Shevy,sedan,4,1995,"75,678 SAR",2000,"33,646 SAR",108472,8.65,4WD,standard,Makkah,8,2,Black,individual,0
Fourd,sedan,4,1999,"68,263 SAR",2003,"36,348 SAR",143694,6.31,2WD,standard,Jeddah,2,2,Gray,individual,0
Fourd,suv,4,1996,"96,489 SAR",2003,"43,311 SAR",88030,4.97,2WD,standard,Jeddah,10,2,Gray,individual,1
Honta,sedan,8,1999,"68,263 SAR",2005,"32,254 SAR",133805,14.38,2WD,premium,Madinah,7,3,Silver,individual,0
Nesshan,suv,4,2003,"79,168 SAR",2007,"39,836 SAR",159414,11.78,2WD,standard,Dammam,6,4,White,company,0
JournalMotors,suv,4,1998,"100,387 SAR",2004,"42,808 SAR",213835,5.02,2WD,standard,Dhahran,6,3,Silver,individual,1
Huendae,sedan,6,2002,"62,093 SAR",2006,"40,197 SAR",181591,16.99,4WD,standard,Jeddah,3,2,Black,individual,0
JournalMotors,suv,4,2008,"122,372 SAR",2012,"61,730 SAR",42799,7.64,2WD,standard,Jeddah,9,1,White,individual,0
Honta,suv,4,2004,"80,752 SAR",2007,"64,635 SAR",38668,15.24,2WD,standard,Madinah,2,2,Silver,individual,1
Toyoda,sedan,8,2005,"65,893 SAR",2009,"40,237 SAR",81690,6.86,2WD,standard,Madinah,5,2,Black,individual,0
Honta,sedan,6,1998,"47,803 SAR",2000,"32,976 SAR",41534,14.63,2WD,standard,Madinah,9,3,Black,individual,0
Huendae,suv,8,2003,"79,168 SAR",2010,"37,406 SAR",117298,4.74,2WD,standard,Dhahran,10,3,Blue,individual,0
Toyoda,sedan,4,2004,"64,601 SAR",2011,"40,860 SAR",56315,22.78,2WD,standard,Dhahran,2,2,White,individual,0
JournalMotors,suv,4,2003,"110,836 SAR",2004,"72,021 SAR",18361,7.18,2WD,standard,Riyadh,6,4,Brown,company,0
Huendae,suv,4,2001,"106,532 SAR",2004,"66,277 SAR",128925,10.55,2WD,premium,Dammam,6,2,Silver,individual,1
Wolksvagon,suv,4,1996,"82,705 SAR",2003,"42,799 SAR",47729,9.66,2WD,standard,Makkah,5,2,Blue,company,0
Huendae,suv,8,2008,"87,408 SAR",2013,"47,724 SAR",57511,6.22,2WD,standard,Dhahran,3,3,Black,company,0
Honta,crossover,8,1993,"51,956 SAR",1999,"23,321 SAR",261193,9.48,2WD,standard,Madinah,13,3,Gray,individual,0
Nesshan,sedan,4,1996,"64,326 SAR",1997,"53,493 SAR",15834,20.54,2WD,premium,Dammam,8,2,Black,individual,0
Huendae,suv,6,1999,"73,139 SAR",2008,"21,771 SAR",105980,12.4,2WD,standard,Makkah,14,3,Black,individual,1
Masda,suv,6,2004,"80,752 SAR",2008,"45,023 SAR",39968,12.22,2WD,standard,Dhahran,4,2,White,individual,0
Huendae,crossover,6,1997,"56,239 SAR",2001,"29,788 SAR",64435,9.01,2WD,standard,Jeddah,6,4,Black,individual,0
Toyoda,suv,6,2006,"120,980 SAR",2008,"101,562 SAR",23731,9.18,4WD,standard,Makkah,1,3,Blue,company,0
Honta,sedan,4,1999,"48,759 SAR",2002,"33,789 SAR",33490,14.47,2WD,standard,Jeddah,3,3,Blue,individual,0
JournalMotors,suv,6,1998,"140,542 SAR",2007,"40,054 SAR",91860,2.53,2WD,premium,Makkah,1,1,Gray,company,0
Toyoda,crossover,4,2002,"89,414 SAR",2008,"50,898 SAR",74524,15.03,4WD,standard,Dammam,4,1,White,individual,0
JournalMotors,suv,8,2003,"110,836 SAR",2004,"75,811 SAR",9266,2.12,2WD,standard,Jeddah,6,2,Black,individual,0
JournalMotors,sedan,4,2003,"73,890 SAR",2010,"31,587 SAR",48329,11.62,2WD,standard,Riyadh,5,1,Silver,individual,0
Geep,sedan,4,2002,"72,441 SAR",2007,"32,207 SAR",86906,8.44,2WD,standard,Jeddah,9,2,Black,individual,0
Huendae,crossover,4,2001,"60,875 SAR",2007,"28,763 SAR",33988,13.44,2WD,standard,Riyadh,10,1,Gray,individual,0
Honta,sedan,4,1998,"47,803 SAR",2000,"34,460 SAR",66239,24.01,2WD,standard,Dammam,7,1,White,individual,0
Geep,suv,4,2003,"133,003 SAR",2010,"56,858 SAR",118348,4.65,4WD,standard,Makkah,5,2,Red,individual,0
Mercetes,sedan,4,2006,"78,413 SAR",2010,"41,533 SAR",85942,7.75,2WD,standard,Dhahran,9,1,Silver,individual,1
Shevy,suv,4,2005,"115,313 SAR",2005,"74,930 SAR",929,8.63,2WD,standard,Makkah,3,4,Black,company,0
Fourd,suv,6,2008,"171,320 SAR",2012,"96,024 SAR",36219,5.49,2WD,premium,Makkah,0,2,Gray,individual,0
Mercetes,crossover,8,2002,"121,702 SAR",2005,"68,676 SAR",62604,3.78,2WD,premium,Jeddah,5,2,Red,individual,0
Nesshan,sedan,4,2005,"54,911 SAR",2011,"28,539 SAR",108163,28.34,2WD,standard,Makkah,4,3,White,individual,0
Toyoda,sedan,4,2007,"95,978 SAR",2016,"32,699 SAR",347211,22.26,2WD,premium,Makkah,10,3,White,company,1
Geep,sedan,6,2008,"81,581 SAR",2014,"31,475 SAR",284819,7.8,2WD,standard,Riyadh,11,4,Black,company,0
Masda,suv,4,1991,"87,393 SAR",1996,"42,837 SAR",162215,13.12,2WD,premium,Madinah,11,3,Red,individual,1
JournalMotors,sedan,4,1995,"63,065 SAR",2000,"27,968 SAR",48396,4.76,2WD,standard,Makkah,5,4,Black,individual,1
Toyoda,sedan,4,1999,"70,214 SAR",2005,"44,299 SAR",191444,21.04,4WD,standard,Dhahran,3,2,Gray,individual,1
Nesshan,crossover,8,1996,"77,191 SAR",1999,"48,023 SAR",115836,12.91,2WD,premium,Jeddah,9,1,Red,individual,1
Shevy,suv,4,2001,"106,532 SAR",2009,"27,325 SAR",146810,4.33,2WD,standard,Riyadh,5,2,Gray,individual,0
Mercetes,suv,4,1998,"140,542 SAR",1999,"101,471 SAR",39209,7.22,2WD,premium,Makkah,3,2,Black,individual,0
Fourd,sedan,4,1994,"86,559 SAR",1998,"43,555 SAR",160012,10.37,2WD,premium,Dammam,5,1,Red,individual,1
Toyoda,suv,8,2001,"91,313 SAR",2005,"61,955 SAR",39452,6.24,2WD,standard,Riyadh,2,1,White,individual,0
Wolksvagon,crossover,4,2008,"100,694 SAR",2010,"72,275 SAR",91859,12.22,4WD,standard,Madinah,8,2,White,individual,0
Shevy,suv,8,2006,"197,602 SAR",2007,"141,917 SAR",10419,3.3,4WD,premium,Dammam,4,1,White,individual,1
Honta,crossover,6,2006,"67,211 SAR",2007,"53,098 SAR",45846,17.0,2WD,standard,Riyadh,5,2,Black,individual,0
JournalMotors,sedan,6,2001,"71,021 SAR",2006,"31,496 SAR",210209,7.85,2WD,standard,Dhahran,10,3,Black,individual,1
Wolksvagon,sedan,4,2007,"115,173 SAR",2009,"96,687 SAR",33548,9.68,4WD,premium,Dammam,3,1,Red,company,0
Huendae,sedan,4,2009,"59,437 SAR",2012,"38,924 SAR",57418,14.96,2WD,standard,Jeddah,4,2,Silver,individual,1
Toyoda,crossover,4,1994,"76,314 SAR",1997,"52,130 SAR",58142,14.66,4WD,standard,Dammam,9,2,White,company,0
Huendae,sedan,4,1999,"48,759 SAR",2002,"30,106 SAR",153279,16.39,2WD,standard,Jeddah,6,2,Gray,individual,0
JournalMotors,suv,4,1997,"98,419 SAR",1999,"58,356 SAR",71965,6.55,2WD,standard,Madinah,13,3,Silver,individual,0
Fourd,suv,6,1997,"118,103 SAR",2000,"77,753 SAR",66591,7.1,4WD,standard,Makkah,2,3,White,individual,1
Masda,suv,6,2006,"100,817 SAR",2008,"69,548 SAR",39018,9.04,4WD,standard,Riyadh,5,1,Black,company,0
Toyoda,sedan,4,2001,"73,050 SAR",2003,"57,676 SAR",24699,19.52,4WD,standard,Riyadh,11,4,Gray,individual,0
Honta,suv,4,2003,"95,002 SAR",2009,"49,876 SAR",99481,9.21,4WD,standard,Makkah,2,1,Silver,individual,0
Huendae,sedan,6,2004,"53,834 SAR",2008,"34,667 SAR",29872,18.99,2WD,standard,Dhahran,9,2,Gray,individual,1
Honta,sedan,4,2000,"59,681 SAR",2006,"29,468 SAR",203696,19.58,4WD,standard,Riyadh,5,2,Silver,individual,0
Nesshan,sedan,4,2001,"85,225 SAR",2005,"52,268 SAR",72878,23.82,4WD,premium,Madinah,6,3,Silver,individual,0
Wolksvagon,suv,4,1995,"81,083 SAR",2001,"41,960 SAR",76091,8.18,2WD,standard,Madinah,6,2,Gray,individual,0
Fourd,sedan,8,2005,"76,875 SAR",2010,"37,976 SAR",105998,4.71,2WD,standard,Dhahran,2,2,Black,individual,0
JournalMotors,crossover,6,1999,"81,916 SAR",2002,"51,361 SAR",59894,5.09,2WD,standard,Dhahran,1,2,Gray,individual,0
Huendae,sedan,4,1997,"46,866 SAR",2004,"24,358 SAR",131187,20.58,2WD,standard,Dhahran,4,2,White,company,0
Huendae,suv,4,2007,"85,694 SAR",2008,"61,545 SAR",17681,13.11,2WD,standard,Jeddah,7,4,Black,company,0
Toyoda,suv,4,2006,"120,980 SAR",2011,"61,855 SAR",203754,9.96,4WD,standard,Riyadh,4,2,Black,individual,0
JournalMotors,sedan,4,2001,"99,430 SAR",2005,"50,157 SAR",64379,8.59,2WD,premium,Madinah,4,2,Red,individual,0
Nesshan,suv,4,1995,"81,083 SAR",1999,"45,207 SAR",34301,13.18,4WD,standard,Jeddah,4,1,Blue,individual,0
Huendae,suv,4,2001,"106,532 SAR",2003,"84,882 SAR",39540,15.56,2WD,premium,Dhahran,9,2,Silver,individual,1
Fourd,crossover,4,2004,"108,530 SAR",2004,"66,811 SAR",1040,7.23,4WD,standard,Madinah,5,1,Gray,individual,0
Toyoda,crossover,6,2005,"79,072 SAR",2009,"48,285 SAR",50158,10.91,2WD,standard,Dammam,8,2,Gray,individual,0
BeEmW,suv,4,2005,"115,313 SAR",2013,"34,507 SAR",63781,4.84,2WD,standard,Madinah,3,2,White,individual,1
Honta,suv,8,2002,"93,139 SAR",2011,"25,084 SAR",101814,9.4,4WD,standard,Dammam,5,4,White,individual,0
Huendae,sedan,6,1999,"58,511 SAR",2001,"38,345 SAR",89622,10.83,4WD,standard,Jeddah,4,1,Gray,individual,0
Fourd,suv,4,1999,"102,395 SAR",2004,"50,456 SAR",168297,6.73,2WD,standard,Makkah,3,1,Black,company,1
Fourd,suv,4,2005,"138,376 SAR",2007,"86,367 SAR",44545,6.31,4WD,standard,Madinah,9,3,Blue,individual,0
Toyoda,sedan,8,2005,"92,251 SAR",2008,"63,016 SAR",46543,9.71,2WD,premium,Dammam,6,2,Silver,company,0
Honta,suv,4,2006,"141,144 SAR",2012,"63,356 SAR",250312,14.35,4WD,premium,Makkah,7,2,White,individual,0
Toyoda,suv,4,2006,"120,980 SAR",2009,"82,641 SAR",58340,6.55,4WD,standard,Jeddah,6,2,Black,individual,0
Shevy,suv,4,2004,"135,663 SAR",2008,"68,435 SAR",32552,4.2,4WD,standard,Dammam,7,2,Black,individual,0
Fourd,suv,6,1996,"96,489 SAR",2005,"25,986 SAR",189757,3.86,2WD,standard,Makkah,8,2,Gray,individual,1
Honta,sedan,4,2005,"76,875 SAR",2011,"41,953 SAR",47130,22.97,2WD,premium,Makkah,8,2,Gray,individual,1
Masda,sedan,4,2001,"50,729 SAR",2003,"38,494 SAR",26314,19.51,2WD,standard,Riyadh,9,1,Red,individual,0
JournalMotors,sedan,6,1999,"68,263 SAR",2006,"27,723 SAR",231822,6.08,2WD,standard,Riyadh,5,2,Black,individual,0
Toyoda,sedan,4,1999,"81,916 SAR",2003,"52,272 SAR",164032,16.62,2WD,premium,Riyadh,11,3,Black,individual,0
Mercetes,crossover,4,2005,"110,701 SAR",2013,"28,394 SAR",179102,4.34,4WD,standard,Makkah,5,1,Gray,individual,0
Fourd,sedan,4,1998,"66,925 SAR",2002,"35,448 SAR",45759,6.51,2WD,standard,Makkah,9,2,Gray,individual,1
Shevy,sedan,4,2001,"71,021 SAR",2004,"42,081 SAR",36578,8.97,2WD,standard,Dammam,12,1,Blue,individual,1
Fourd,sedan,4,2005,"129,151 SAR",2009,"72,208 SAR",83291,6.38,4WD,premium,Makkah,2,4,Silver,individual,1
Fourd,sedan,4,2001,"85,225 SAR",2005,"47,768 SAR",79704,10.87,4WD,standard,Makkah,1,3,White,individual,0
Masda,suv,4,1998,"71,705 SAR",2001,"40,250 SAR",152974,9.84,2WD,standard,Madinah,11,2,Silver,individual,0
JournalMotors,sedan,4,2002,"72,441 SAR",2004,"45,214 SAR",23042,12.84,2WD,standard,Jeddah,10,1,Gray,individual,0
Shevy,crossover,4,2008,"97,897 SAR",2014,"46,501 SAR",78416,3.97,2WD,standard,Madinah,1,3,Blue,company,0
Shevy,suv,8,2006,"117,620 SAR",2011,"55,199 SAR",175122,1.91,2WD,standard,Makkah,1,2,White,individual,0
Honta,sedan,6,2004,"53,834 SAR",2009,"32,332 SAR",106034,15.67,2WD,standard,Riyadh,2,1,Silver,individual,0
Wolksvagon,crossover,4,2004,"77,522 SAR",2009,"43,808 SAR",95192,8.73,2WD,standard,Makkah,6,2,Red,individual,1
BeEmW,sedan,8,2005,"129,151 SAR",2008,"85,026 SAR",57680,3.36,4WD,premium,Makkah,3,2,Black,company,1
Toyoda,suv,8,1993,"77,935 SAR",1997,"55,522 SAR",31384,6.08,2WD,standard,Madinah,2,2,White,individual,1
Nesshan,sedan,4,2004,"75,368 SAR",2012,"26,115 SAR",127514,17.25,2WD,premium,Dhahran,3,2,Blue,individual,0
JournalMotors,suv,4,2001,"106,532 SAR",2003,"66,491 SAR",21169,6.81,2WD,standard,Jeddah,11,3,Blue,company,0
Mercetes,sedan,8,2000,"83,554 SAR",2002,"57,944 SAR",23065,3.39,4WD,standard,Riyadh,3,1,Silver,individual,0
JournalMotors,sedan,4,2007,"95,978 SAR",2015,"23,387 SAR",85934,6.71,4WD,standard,Madinah,6,4,White,company,0
Masda,suv,4,2001,"76,094 SAR",2007,"41,946 SAR",124144,9.37,2WD,standard,Makkah,2,2,Gray,individual,1
Fourd,crossover,4,2005,"92,251 SAR",2010,"41,014 SAR",45669,7.3,2WD,standard,Riyadh,10,1,Black,company,0
Toyoda,suv,8,2000,"125,332 SAR",2003,"85,614 SAR",24295,8.12,2WD,premium,Dhahran,10,2,Black,individual,0
Toyoda,suv,4,1998,"86,046 SAR",2005,"42,302 SAR",306485,7.99,2WD,standard,Dammam,11,2,Gray,individual,0
Huendae,suv,4,2006,"84,014 SAR",2009,"52,399 SAR",65177,10.67,2WD,standard,Makkah,5,3,White,individual,0
Huendae,sedan,4,1994,"74,194 SAR",2001,"36,634 SAR",77555,21.01,4WD,premium,Riyadh,5,4,Silver,company,0
Huendae,suv,4,2008,"104,890 SAR",2012,"64,168 SAR",139118,18.11,4WD,standard,Dammam,5,3,Red,individual,1
Shevy,crossover,6,1998,"80,310 SAR",2005,"34,332 SAR",172466,9.15,2WD,standard,Makkah,6,1,Gray,individual,0
Geep,suv,8,2005,"115,313 SAR",2012,"46,831 SAR",326354,2.09,2WD,standard,Dhahran,10,2,Blue,company,0
Nesshan,sedan,4,2004,"53,834 SAR",2008,"33,016 SAR",54194,18.82,2WD,standard,Riyadh,4,2,Blue,company,0
Shevy,crossover,8,2007,"95,978 SAR",2008,"72,943 SAR",7061,4.84,2WD,standard,Dhahran,2,1,Black,individual,0
Nesshan,suv,8,1995,"67,569 SAR",1996,"48,528 SAR",38831,5.94,2WD,standard,Dhahran,5,1,Silver,individual,0
Toyoda,crossover,4,2007,"98,720 SAR",2011,"60,283 SAR",79872,14.49,4WD,standard,Madinah,10,1,Silver,company,0
Huendae,crossover,4,2004,"64,601 SAR",2009,"37,035 SAR",38624,14.29,2WD,standard,Jeddah,3,2,Silver,individual,1
Shevy,crossover,8,1996,"77,191 SAR",1999,"41,380 SAR",60346,2.7,2WD,standard,Makkah,8,4,White,individual,0
JournalMotors,suv,4,1999,"102,395 SAR",2003,"51,653 SAR",89033,5.48,2WD,standard,Jeddah,5,1,Red,individual,0
JournalMotors,suv,8,2001,"106,532 SAR",2007,"45,542 SAR",119872,2.91,2WD,standard,Riyadh,4,2,Silver,company,0
Toyoda,crossover,4,2006,"80,653 SAR",2009,"61,215 SAR",62866,13.37,2WD,standard,Dhahran,3,2,Blue,individual,0
Toyoda,crossover,6,1992,"73,350 SAR",1997,"39,476 SAR",103950,10.36,4WD,standard,Makkah,12,2,Silver,company,0
Wolksvagon,suv,4,2005,"98,840 SAR",2012,"51,021 SAR",323268,6.31,2WD,standard,Makkah,5,2,Gray,individual,1
Masda,crossover,6,2001,"60,875 SAR",2006,"28,418 SAR",199097,11.03,2WD,standard,Dhahran,8,3,Gray,individual,0
JournalMotors,crossover,4,1996,"108,068 SAR",2000,"54,514 SAR",69340,9.66,2WD,premium,Riyadh,5,3,Black,individual,0
Geep,suv,4,2003,"110,836 SAR",2009,"45,013 SAR",203622,3.56,2WD,standard,Madinah,7,3,Gray,individual,0
Shevy,sedan,8,2007,"79,981 SAR",2011,"40,245 SAR",169584,6.22,2WD,standard,Dhahran,7,1,Black,individual,1
Fourd,suv,8,2001,"106,532 SAR",2006,"49,995 SAR",176882,4.51,2WD,standard,Madinah,2,1,Gray,individual,0
Fourd,suv,4,2004,"158,274 SAR",2008,"79,841 SAR",50913,3.87,2WD,premium,Makkah,7,3,Gray,individual,0
Nesshan,crossover,8,2002,"86,930 SAR",2008,"39,020 SAR",291268,7.18,2WD,premium,Madinah,7,1,Gray,company,0
Nesshan,sedan,4,2004,"75,368 SAR",2008,"46,223 SAR",78681,25.72,2WD,premium,Makkah,4,1,Black,company,0
Huendae,sedan,4,2004,"53,834 SAR",2009,"27,644 SAR",189718,27.03,2WD,standard,Dhahran,4,1,White,individual,0
Honta,crossover,4,2004,"77,522 SAR",2008,"49,921 SAR",89030,17.03,4WD,standard,Madinah,4,1,Gray,individual,1
JournalMotors,suv,4,2002,"108,662 SAR",2007,"50,726 SAR",98116,5.06,2WD,standard,Dammam,5,2,Red,individual,1
Huendae,crossover,6,2006,"67,211 SAR",2011,"42,385 SAR",93009,15.28,2WD,standard,Jeddah,2,1,White,individual,1
Fourd,suv,4,1999,"122,874 SAR",2004,"57,361 SAR",89475,5.18,4WD,standard,Madinah,7,2,Black,individual,1
Nesshan,suv,4,2001,"76,094 SAR",2007,"35,954 SAR",58025,11.91,2WD,standard,Madinah,5,3,Black,individual,0
Wolksvagon,sedan,4,1994,"52,995 SAR",1999,"27,095 SAR",163168,10.43,2WD,standard,Dammam,5,2,Black,individual,0
Mercetes,sedan,4,2003,"73,890 SAR",2012,"18,005 SAR",310333,3.95,2WD,standard,Jeddah,4,2,Silver,individual,0
JournalMotors,suv,6,2006,"117,620 SAR",2009,"70,060 SAR",134357,3.25,2WD,standard,Madinah,2,1,Blue,company,0
Huendae,suv,8,2003,"79,168 SAR",2006,"51,845 SAR",28969,9.7,2WD,standard,Dammam,9,1,Blue,individual,1
Wolksvagon,sedan,4,2002,"86,930 SAR",2006,"58,392 SAR",33184,19.29,2WD,premium,Dhahran,5,3,Silver,company,0
Toyoda,sedan,6,2003,"63,334 SAR",2005,"50,005 SAR",92999,15.81,2WD,standard,Jeddah,11,1,Silver,individual,0
Toyoda,sedan,6,1997,"56,239 SAR",2004,"33,614 SAR",128366,16.41,2WD,standard,Makkah,11,1,Black,individual,1
JournalMotors,sedan,4,1997,"78,735 SAR",2003,"31,976 SAR",273121,6.18,4WD,standard,Jeddah,8,1,Gray,individual,0
Nesshan,sedan,8,2002,"62,093 SAR",2007,"32,038 SAR",118929,11.27,4WD,standard,Madinah,10,3,White,individual,1
Honta,sedan,4,1999,"48,759 SAR",2002,"33,452 SAR",46553,22.25,2WD,standard,Dhahran,6,1,Silver,individual,0
Toyoda,suv,6,2006,"100,817 SAR",2011,"60,137 SAR",194245,5.57,2WD,standard,Dhahran,2,1,Black,individual,1
Shevy,crossover,6,1997,"110,229 SAR",1999,"65,359 SAR",93552,7.49,2WD,premium,Madinah,7,1,White,individual,0
Huendae,sedan,4,2008,"81,581 SAR",2010,"58,811 SAR",83281,23.53,2WD,premium,Madinah,9,1,White,individual,0
Shevy,crossover,4,2002,"86,930 SAR",2009,"41,188 SAR",327156,2.51,2WD,standard,Riyadh,2,1,Black,individual,1
Toyoda,suv,4,1996,"82,705 SAR",1998,"65,612 SAR",20457,6.46,2WD,standard,Madinah,8,3,Black,individual,1
Geep,crossover,6,2000,"100,265 SAR",2008,"28,575 SAR",138979,6.14,4WD,standard,Makkah,1,3,White,individual,0
Huendae,suv,4,2003,"79,168 SAR",2005,"60,075 SAR",39072,16.15,2WD,standard,Madinah,7,1,Gray,individual,0
Fourd,sedan,4,1998,"66,925 SAR",2001,"37,671 SAR",144398,8.48,2WD,standard,Riyadh,4,1,White,individual,1
Huendae,suv,4,2005,"98,840 SAR",2011,"57,080 SAR",106685,15.75,4WD,standard,Jeddah,3,1,Black,individual,0
Masda,sedan,6,1997,"46,866 SAR",2003,"23,374 SAR",281324,10.38,2WD,standard,Riyadh,3,1,Gray,individual,0
Nesshan,crossover,6,2003,"106,402 SAR",2005,"77,285 SAR",75141,9.23,4WD,premium,Dammam,0,4,Silver,company,1
Masda,sedan,4,1992,"42,448 SAR",1998,"22,062 SAR",124028,18.91,2WD,standard,Dhahran,5,2,Gray,individual,0
Fourd,suv,6,2002,"108,662 SAR",2010,"29,265 SAR",157524,5.14,2WD,standard,Dhahran,9,3,Black,individual,1
Masda,suv,4,2009,"149,783 SAR",2017,"40,340 SAR",348291,10.4,4WD,premium,Makkah,14,1,Gray,individual,0
JournalMotors,sedan,8,2007,"134,369 SAR",2011,"64,393 SAR",25390,6.02,4WD,premium,Jeddah,7,4,Gray,individual,0
Toyoda,sedan,4,1995,"54,055 SAR",2002,"26,574 SAR",73639,11.09,2WD,standard,Dammam,10,4,Red,individual,0
Fourd,sedan,8,2003,"73,890 SAR",2008,"38,326 SAR",108751,2.67,2WD,standard,Dhahran,3,2,Red,individual,1
Shevy,sedan,4,2005,"92,251 SAR",2013,"22,479 SAR",342681,8.89,4WD,standard,Dhahran,4,2,Silver,individual,0
Fourd,sedan,4,2001,"71,021 SAR",2002,"46,149 SAR",43364,10.58,2WD,standard,Jeddah,6,2,White,individual,0
JournalMotors,sedan,4,1994,"61,828 SAR",1998,"32,748 SAR",79797,7.26,2WD,standard,Dhahran,7,3,Red,individual,1
Huendae,suv,4,2004,"113,052 SAR",2006,"81,498 SAR",36656,19.06,2WD,premium,Dhahran,14,4,Red,company,0
Fourd,sedan,4,2005,"92,251 SAR",2008,"54,660 SAR",57053,10.04,4WD,standard,Madinah,4,1,Red,individual,1
Shevy,crossover,4,1996,"92,630 SAR",2002,"39,599 SAR",106513,5.96,4WD,standard,Jeddah,6,3,Gray,company,0
Toyoda,sedan,4,2003,"63,334 SAR",2006,"42,949 SAR",117332,18.51,2WD,standard,Riyadh,4,4,Black,individual,0
Shevy,suv,4,1999,"102,395 SAR",2001,"60,714 SAR",67789,6.26,2WD,standard,Dhahran,6,1,Red,company,0
Huendae,sedan,6,2009,"71,325 SAR",2010,"51,225 SAR",44578,8.37,4WD,standard,Riyadh,11,1,Gray,individual,0
JournalMotors,crossover,4,2002,"104,316 SAR",2005,"55,922 SAR",118385,9.9,4WD,standard,Riyadh,5,3,Blue,individual,0
Fourd,suv,4,2005,"115,313 SAR",2010,"51,139 SAR",60264,5.43,2WD,standard,Jeddah,6,4,Black,individual,1
Honta,suv,4,2001,"76,094 SAR",2005,"47,140 SAR",82297,12.41,2WD,standard,Riyadh,3,1,Gray,individual,0
Fourd,sedan,8,2002,"72,441 SAR",2008,"36,129 SAR",65717,5.0,2WD,standard,Riyadh,2,2,Gray,company,1
Masda,sedan,4,1996,"45,947 SAR",2005,"15,045 SAR",80074,16.08,2WD,standard,Makkah,14,3,Silver,individual,1
Masda,sedan,8,1996,"45,947 SAR",1997,"32,999 SAR",33583,6.61,2WD,standard,Dammam,8,1,Gray,individual,0
JournalMotors,suv,4,2001,"127,838 SAR",2005,"58,200 SAR",136970,3.03,4WD,standard,Jeddah,11,4,White,individual,0
Mercetes,sedan,4,2005,"76,875 SAR",2012,"36,515 SAR",81416,6.95,2WD,standard,Dhahran,1,1,Black,individual,0
Honta,suv,4,2000,"89,522 SAR",2002,"58,668 SAR",73075,12.54,4WD,standard,Dammam,8,2,Red,individual,0
Fourd,crossover,4,2002,"121,702 SAR",2006,"64,462 SAR",49691,5.16,2WD,premium,Makkah,9,2,Brown,company,1
Honta,suv,4,2004,"96,902 SAR",2012,"27,471 SAR",99023,10.78,4WD,standard,Dammam,10,1,Red,individual,0
JournalMotors,suv,4,1996,"96,489 SAR",2001,"42,899 SAR",105175,5.08,2WD,standard,Madinah,4,2,Gray,company,0
BeEmW,suv,6,1993,"90,924 SAR",1996,"51,308 SAR",31828,3.88,2WD,standard,Dammam,9,1,White,individual,0
Toyoda,crossover,6,2009,"119,826 SAR",2012,"81,853 SAR",71384,9.35,2WD,premium,Makkah,8,3,Black,individual,0
Masda,suv,4,2004,"80,752 SAR",2012,"24,037 SAR",171452,10.23,2WD,standard,Riyadh,9,3,White,individual,1
Nesshan,suv,4,1995,"67,569 SAR",1998,"46,357 SAR",61344,15.34,2WD,standard,Riyadh,7,2,Red,company,0
JournalMotors,suv,4,1993,"90,924 SAR",2002,"23,322 SAR",178552,3.47,2WD,standard,Dammam,4,2,White,individual,0
Huendae,suv,8,2003,"110,836 SAR",2005,"89,203 SAR",47917,7.09,2WD,premium,Riyadh,2,2,Black,company,1
Fourd,suv,8,2001,"106,532 SAR",2005,"56,427 SAR",77622,2.71,2WD,standard,Jeddah,9,2,White,individual,1
Toyoda,sedan,4,1993,"51,956 SAR",1993,"49,687 SAR",570,15.54,2WD,standard,Makkah,2,1,Silver,individual,1
Toyoda,suv,8,2006,"141,144 SAR",2011,"72,165 SAR",206484,6.26,2WD,premium,Jeddah,10,2,Gray,company,0
Honta,sedan,4,2004,"75,368 SAR",2006,"54,332 SAR",78898,25.26,2WD,premium,Dhahran,8,2,Silver,individual,0
Honta,suv,4,1999,"102,395 SAR",2003,"56,947 SAR",159628,12.24,2WD,premium,Makkah,8,2,White,company,1
Nesshan,crossover,6,2002,"74,511 SAR",2004,"51,272 SAR",82139,12.23,4WD,standard,Makkah,12,1,Black,individual,1
JournalMotors,sedan,4,2005,"129,151 SAR",2014,"34,783 SAR",197299,8.97,4WD,premium,Madinah,4,3,Red,individual,1
Fourd,suv,4,1998,"140,542 SAR",2002,"67,351 SAR",156954,3.76,2WD,premium,Dammam,12,1,Black,individual,0
Honta,sedan,8,2004,"53,834 SAR",2012,"16,788 SAR",165934,16.95,2WD,standard,Jeddah,6,2,Brown,individual,0
Toyoda,suv,4,1992,"91,688 SAR",1994,"76,779 SAR",74100,11.46,4WD,standard,Makkah,2,2,White,individual,1
Masda,suv,6,2005,"82,367 SAR",2009,"43,627 SAR",195071,10.06,2WD,standard,Riyadh,12,3,Black,individual,0
Geep,suv,4,2002,"108,662 SAR",2006,"52,073 SAR",147735,4.24,2WD,standard,Makkah,10,1,White,individual,0
Toyoda,suv,4,2007,"123,400 SAR",2011,"79,121 SAR",73406,12.93,4WD,standard,Dammam,5,3,White,individual,1
JournalMotors,crossover,4,1996,"77,191 SAR",2002,"34,649 SAR",122944,4.49,2WD,standard,Riyadh,8,3,Blue,individual,1
JournalMotors,suv,4,2000,"104,443 SAR",2003,"65,322 SAR",121094,2.42,2WD,standard,Dhahran,1,3,Black,individual,1
Toyoda,sedan,4,2004,"77,522 SAR",2013,"27,801 SAR",97044,21.61,4WD,standard,Makkah,8,2,Brown,individual,1
JournalMotors,crossover,4,1996,"92,630 SAR",2002,"41,579 SAR",50529,3.48,4WD,standard,Dhahran,6,2,Red,company,1
Nesshan,suv,4,1997,"84,359 SAR",2002,"43,757 SAR",53903,12.51,4WD,standard,Makkah,3,4,Silver,individual,0
Masda,sedan,4,1993,"51,956 SAR",1996,"39,606 SAR",64516,16.57,4WD,standard,Riyadh,3,2,Black,company,0
Toyoda,suv,4,2003,"114,002 SAR",2010,"56,046 SAR",306580,9.61,4WD,standard,Jeddah,8,2,Gray,individual,0
Huendae,sedan,4,2003,"52,779 SAR",2009,"30,479 SAR",75101,23.76,2WD,standard,Makkah,3,2,White,individual,0
Fourd,suv,6,1999,"102,395 SAR",2005,"45,962 SAR",53025,4.61,2WD,standard,Riyadh,6,3,Gray,company,1
Shevy,suv,4,2005,"115,313 SAR",2010,"54,116 SAR",179130,6.74,2WD,standard,Dhahran,3,2,White,individual,0
JournalMotors,sedan,4,2002,"86,930 SAR",2002,"62,433 SAR",971,7.79,4WD,standard,Makkah,1,1,White,individual,1
Wolksvagon,crossover,4,1997,"67,487 SAR",2001,"41,210 SAR",68280,13.56,2WD,standard,Dammam,9,3,Red,individual,0
JournalMotors,suv,6,1993,"109,109 SAR",1998,"56,594 SAR",113667,3.97,4WD,standard,Makkah,2,2,Black,individual,1
Huendae,crossover,4,2002,"62,093 SAR",2002,"46,472 SAR",1165,20.38,2WD,standard,Jeddah,7,2,Blue,individual,0
Huendae,suv,4,2004,"135,663 SAR",2009,"69,998 SAR",49130,13.56,4WD,premium,Dhahran,6,2,White,individual,1
Toyoda,suv,8,2003,"95,002 SAR",2007,"57,867 SAR",168659,5.0,2WD,standard,Makkah,5,2,Silver,individual,1
Toyoda,suv,4,1996,"99,246 SAR",1999,"75,139 SAR",135536,7.45,4WD,standard,Makkah,3,1,Gray,individual,1
Toyoda,suv,6,1995,"81,083 SAR",1999,"51,989 SAR",86134,8.98,2WD,standard,Madinah,4,3,Gray,individual,1
Shevy,sedan,8,1994,"61,828 SAR",2000,"26,431 SAR",144455,5.69,2WD,standard,Dhahran,5,3,Blue,individual,0
Shevy,sedan,4,2000,"97,480 SAR",2006,"37,609 SAR",219887,9.99,2WD,premium,Dhahran,6,4,Gray,individual,0
Nesshan,sedan,4,2004,"53,834 SAR",2008,"34,850 SAR",129373,21.35,2WD,standard,Jeddah,0,3,Silver,individual,0
Shevy,suv,8,1998,"120,465 SAR",2002,"64,144 SAR",163269,2.1,4WD,standard,Riyadh,3,2,Black,individual,0
Fourd,suv,4,1997,"118,103 SAR",2001,"69,506 SAR",54597,6.46,4WD,standard,Makkah,2,1,Blue,individual,1
Huendae,sedan,6,1996,"45,947 SAR",2002,"22,686 SAR",201310,18.31,2WD,standard,Madinah,8,2,Black,individual,0
Masda,suv,4,2007,"143,967 SAR",2009,"110,350 SAR",34854,13.43,4WD,premium,Dhahran,3,3,White,company,0
Shevy,suv,4,2004,"113,052 SAR",2012,"33,830 SAR",76933,5.57,2WD,standard,Makkah,1,3,Blue,individual,1
Honta,crossover,8,1999,"58,511 SAR",2003,"30,991 SAR",144714,11.96,2WD,standard,Riyadh,5,2,Gray,individual,0
Fourd,sedan,6,2007,"79,981 SAR",2013,"37,990 SAR",141569,5.08,2WD,standard,Dammam,0,1,Silver,individual,0
Masda,sedan,4,2000,"49,734 SAR",2004,"29,115 SAR",37293,14.22,2WD,standard,Dhahran,4,2,Gray,individual,1
Masda,crossover,4,2001,"73,050 SAR",2003,"55,432 SAR",23913,20.74,4WD,standard,Dammam,9,2,Gray,individual,0
JournalMotors,sedan,4,2000,"69,628 SAR",2004,"36,880 SAR",86704,11.2,2WD,standard,Riyadh,9,3,Gray,individual,1
Masda,sedan,4,2002,"51,744 SAR",2008,"28,238 SAR",40609,21.32,2WD,standard,Dammam,6,3,Silver,individual,1
JournalMotors,crossover,4,1999,"81,916 SAR",2005,"38,910 SAR",62001,8.48,2WD,standard,Dhahran,2,3,Gray,individual,0
Honta,suv,4,1999,"87,767 SAR",2005,"50,685 SAR",98809,17.73,4WD,standard,Dhahran,3,2,Gray,individual,0
JournalMotors,crossover,4,2006,"94,096 SAR",2008,"55,793 SAR",78822,9.8,2WD,standard,Jeddah,5,3,Red,individual,0
Toyoda,sedan,8,1994,"52,995 SAR",1995,"43,879 SAR",20596,7.27,2WD,standard,Dhahran,6,2,Silver,individual,0
Wolksvagon,sedan,6,2001,"73,050 SAR",2005,"44,607 SAR",75026,6.69,4WD,standard,Dhahran,13,3,Silver,individual,0
Honta,crossover,4,2002,"62,093 SAR",2009,"30,497 SAR",358693,19.9,2WD,standard,Riyadh,6,2,White,individual,1
Fourd,suv,6,2005,"115,313 SAR",2009,"67,864 SAR",48088,2.51,2WD,standard,Jeddah,3,2,Blue,individual,1
Toyoda,crossover,4,2002,"89,414 SAR",2006,"57,330 SAR",68928,7.93,4WD,standard,Makkah,5,2,White,company,1
Honta,suv,4,1999,"73,139 SAR",2001,"58,864 SAR",43636,11.89,2WD,standard,Riyadh,2,2,White,individual,1
Masda,sedan,8,2003,"52,779 SAR",2009,"26,184 SAR",144421,5.96,2WD,standard,Dhahran,4,1,Silver,individual,1
Shevy,suv,4,2000,"104,443 SAR",2006,"44,649 SAR",118946,5.85,2WD,standard,Riyadh,4,2,Brown,individual,0
JournalMotors,sedan,4,2000,"69,628 SAR",2004,"39,026 SAR",80170,5.83,2WD,standard,Madinah,1,1,White,individual,0
Shevy,crossover,8,2007,"115,173 SAR",2007,"74,445 SAR",1151,3.35,4WD,standard,Makkah,6,1,White,individual,1
Fourd,suv,6,1995,"132,436 SAR",2000,"58,733 SAR",42924,5.86,2WD,premium,Dammam,4,4,Gray,individual,1
Shevy,crossover,4,2005,"92,251 SAR",2007,"67,174 SAR",20317,5.41,2WD,standard,Makkah,2,2,Blue,individual,1
Toyoda,crossover,4,2007,"82,266 SAR",2008,"67,945 SAR",38646,9.87,2WD,standard,Makkah,13,3,White,individual,1
Honta,suv,6,2002,"93,139 SAR",2007,"45,768 SAR",101926,9.41,4WD,standard,Jeddah,4,3,Black,individual,0
Shevy,sedan,4,2004,"75,368 SAR",2004,"48,716 SAR",936,10.78,2WD,standard,Dammam,9,2,Silver,individual,1
Nesshan,sedan,4,2004,"53,834 SAR",2009,"33,949 SAR",112673,25.3,2WD,standard,Madinah,3,3,Blue,individual,1
Shevy,suv,4,2000,"125,332 SAR",2005,"55,722 SAR",100939,2.81,4WD,standard,Madinah,9,2,Red,individual,0
Mercetes,sedan,4,2007,"79,981 SAR",2013,"34,191 SAR",79003,3.75,2WD,standard,Dammam,5,2,White,individual,0
Honta,suv,4,1996,"68,921 SAR",2002,"37,612 SAR",63250,16.39,2WD,standard,Makkah,8,2,Blue,individual,1
Huendae,crossover,4,2006,"67,211 SAR",2007,"62,102 SAR",10440,21.52,2WD,standard,Jeddah,1,2,Gray,individual,0
Toyoda,sedan,8,2004,"64,601 SAR",2008,"39,448 SAR",43416,8.23,2WD,standard,Riyadh,5,3,Black,individual,0
Shevy,sedan,4,1997,"65,612 SAR",1998,"49,865 SAR",11783,7.93,2WD,standard,Dammam,2,1,White,individual,0
Toyoda,crossover,8,2002,"74,511 SAR",2009,"42,843 SAR",110390,7.94,2WD,standard,Jeddah,0,1,White,individual,0
Masda,crossover,4,1994,"74,194 SAR",2001,"38,951 SAR",143465,10.81,2WD,premium,Dhahran,3,2,Black,individual,0
Toyoda,suv,4,2004,"96,902 SAR",2007,"66,193 SAR",26604,14.61,2WD,standard,Riyadh,13,3,Blue,individual,0
Honta,crossover,4,2005,"65,893 SAR",2008,"45,207 SAR",53238,20.8,2WD,standard,Makkah,8,3,Black,individual,0
Shevy,sedan,4,1993,"60,616 SAR",2000,"24,617 SAR",304888,8.8,2WD,standard,Makkah,11,1,White,individual,0
Toyoda,sedan,4,1995,"64,866 SAR",2001,"37,297 SAR",120295,14.35,4WD,standard,Madinah,3,3,Silver,company,0
Honta,suv,4,2004,"113,052 SAR",2010,"58,758 SAR",109082,15.59,2WD,premium,Dhahran,4,2,Black,company,0
Huendae,suv,4,2002,"130,395 SAR",2008,"58,222 SAR",305295,11.13,4WD,premium,Madinah,9,1,Red,individual,1
JournalMotors,crossover,4,2007,"161,243 SAR",2007,"99,261 SAR",765,3.66,4WD,premium,Madinah,7,3,White,individual,0
Huendae,suv,4,2002,"77,616 SAR",2006,"43,274 SAR",78952,9.78,2WD,standard,Dhahran,8,2,Black,individual,0
Toyoda,sedan,4,2008,"69,926 SAR",2010,"64,573 SAR",44197,17.51,2WD,standard,Jeddah,3,2,Gray,individual,0
JournalMotors,suv,8,1998,"100,387 SAR",2002,"53,453 SAR",140283,3.81,2WD,standard,Dammam,3,2,Black,individual,0
Fourd,crossover,4,2003,"88,668 SAR",2008,"43,692 SAR",192353,5.92,2WD,standard,Jeddah,3,3,Red,company,1
Toyoda,sedan,4,1999,"81,916 SAR",2004,"48,495 SAR",53201,17.98,2WD,premium,Dammam,6,2,Black,individual,0
JournalMotors,crossover,4,2004,"90,442 SAR",2009,"40,109 SAR",209575,7.71,2WD,standard,Dhahran,9,2,White,company,1
Honta,sedan,6,2004,"75,368 SAR",2012,"23,503 SAR",139414,15.91,2WD,premium,Makkah,5,2,White,company,0
Shevy,crossover,4,1999,"81,916 SAR",2007,"20,958 SAR",94753,5.89,2WD,standard,Riyadh,10,4,Black,individual,1
Masda,suv,4,2003,"79,168 SAR",2011,"22,444 SAR",64764,7.63,2WD,standard,Dammam,6,2,Black,company,0
JournalMotors,suv,8,2007,"201,554 SAR",2007,"124,076 SAR",701,1.9,4WD,premium,Dhahran,4,3,Silver,individual,0
Masda,suv,4,1991,"62,424 SAR",1999,"17,697 SAR",171515,12.88,2WD,standard,Dhahran,6,1,White,individual,0
Fourd,suv,8,2007,"167,961 SAR",2012,"78,824 SAR",178395,3.84,2WD,premium,Jeddah,2,2,White,individual,0
Fourd,suv,4,1996,"115,787 SAR",2001,"48,904 SAR",191970,2.58,4WD,standard,Dhahran,11,2,White,individual,0
JournalMotors,crossover,8,2007,"95,978 SAR",2012,"42,671 SAR",113462,5.76,2WD,standard,Riyadh,7,3,Brown,individual,0
Toyoda,suv,8,2001,"91,313 SAR",2005,"55,760 SAR",79861,9.05,2WD,standard,Jeddah,13,2,Black,individual,0
Huendae,suv,4,1997,"70,299 SAR",1998,"53,146 SAR",11287,9.02,2WD,standard,Jeddah,4,1,Black,individual,0
Masda,sedan,6,2007,"68,555 SAR",2013,"33,849 SAR",234202,17.39,4WD,standard,Madinah,5,2,Black,individual,0
Honta,crossover,4,1995,"54,055 SAR",1998,"35,231 SAR",117917,23.36,2WD,standard,Makkah,9,2,White,individual,0
Honta,suv,8,1997,"70,299 SAR",2004,"33,133 SAR",60946,7.15,2WD,standard,Jeddah,11,4,Red,company,1
Honta,crossover,4,2003,"76,001 SAR",2004,"54,583 SAR",42684,13.83,4WD,standard,Madinah,5,3,Silver,company,0
Huendae,suv,8,2004,"113,052 SAR",2004,"80,766 SAR",960,8.33,2WD,premium,Dhahran,9,2,Black,individual,1
Fourd,suv,8,2006,"141,144 SAR",2011,"69,725 SAR",53538,2.53,4WD,standard,Dhahran,2,2,Silver,company,0
Mercetes,suv,8,1996,"162,102 SAR",1996,"104,779 SAR",1134,2.83,4WD,premium,Jeddah,5,1,White,individual,1
Honta,crossover,4,1999,"81,916 SAR",1999,"61,309 SAR",989,19.83,2WD,premium,Madinah,6,2,White,individual,0
Mercetes,suv,4,2003,"110,836 SAR",2005,"65,719 SAR",80922,7.05,2WD,standard,Dhahran,6,2,Silver,individual,0
Mercetes,crossover,4,2004,"108,530 SAR",2009,"56,294 SAR",92496,7.65,4WD,standard,Riyadh,2,2,Gray,individual,1
Shevy,sedan,4,1994,"61,828 SAR",2002,"16,651 SAR",176727,6.5,2WD,standard,Madinah,8,2,Black,individual,1
Nesshan,sedan,4,1994,"52,995 SAR",2000,"28,921 SAR",54436,19.04,4WD,standard,Riyadh,13,2,White,individual,1
Fourd,sedan,8,2006,"78,413 SAR",2011,"36,799 SAR",216565,3.47,2WD,standard,Madinah,3,1,White,company,0
Masda,suv,4,1997,"70,299 SAR",2004,"33,216 SAR",164942,8.91,2WD,standard,Jeddah,6,2,Gray,individual,0
Huendae,crossover,6,2002,"74,511 SAR",2005,"53,675 SAR",61712,15.19,4WD,standard,Riyadh,6,2,Brown,company,1
Masda,sedan,6,2002,"51,744 SAR",2006,"35,260 SAR",90362,18.85,2WD,standard,Madinah,0,3,White,individual,0
Toyoda,suv,6,1995,"97,300 SAR",1998,"66,465 SAR",54868,8.73,4WD,standard,Madinah,7,2,Black,individual,0
Toyoda,crossover,6,2001,"102,271 SAR",2007,"52,925 SAR",125792,7.87,2WD,premium,Dammam,6,2,Red,company,0
Toyoda,sedan,4,2008,"69,926 SAR",2014,"42,217 SAR",117858,14.82,2WD,standard,Madinah,1,1,Silver,individual,1
Toyoda,sedan,4,2005,"79,072 SAR",2009,"61,966 SAR",44749,20.91,4WD,standard,Madinah,3,2,Red,company,1
Geep,crossover,6,2003,"88,668 SAR",2009,"37,905 SAR",121562,7.31,2WD,standard,Dammam,7,3,Gray,individual,0
Fourd,suv,4,2000,"104,443 SAR",2000,"71,439 SAR",1304,4.8,2WD,standard,Riyadh,2,3,Gray,individual,0
Toyoda,sedan,8,1995,"54,055 SAR",2003,"17,623 SAR",41937,11.3,2WD,standard,Dammam,6,1,Silver,individual,1
Nesshan,crossover,8,2003,"63,334 SAR",2005,"43,812 SAR",70340,9.95,2WD,standard,Riyadh,3,4,Blue,company,0
JournalMotors,sedan,6,2007,"79,981 SAR",2012,"39,510 SAR",89549,5.0,2WD,standard,Madinah,1,3,Silver,company,0
Huendae,sedan,8,2000,"49,734 SAR",2006,"24,804 SAR",221090,12.52,2WD,standard,Dhahran,2,1,Black,individual,0
JournalMotors,suv,4,1999,"143,353 SAR",2001,"89,722 SAR",88591,5.79,2WD,premium,Jeddah,3,4,White,individual,0
Nesshan,sedan,8,2009,"59,437 SAR",2014,"32,128 SAR",116068,16.36,2WD,standard,Madinah,13,2,White,company,0
JournalMotors,crossover,4,2002,"86,930 SAR",2004,"51,415 SAR",75726,5.56,2WD,standard,Makkah,10,4,Blue,company,1
Fourd,crossover,4,2001,"102,271 SAR",2008,"51,007 SAR",142898,4.01,4WD,standard,Dammam,1,1,Brown,individual,1
Toyoda,sedan,6,2002,"62,093 SAR",2008,"33,579 SAR",255289,16.32,2WD,standard,Makkah,9,2,Gray,individual,0
Nesshan,crossover,6,2006,"94,096 SAR",2011,"51,376 SAR",47069,8.77,2WD,premium,Dammam,2,2,Gray,individual,0
JournalMotors,suv,4,2008,"122,372 SAR",2010,"72,559 SAR",78572,6.22,2WD,standard,Riyadh,7,2,White,individual,0
Toyoda,sedan,4,1996,"66,164 SAR",2000,"49,381 SAR",77063,24.51,4WD,standard,Riyadh,2,2,White,individual,0
Huendae,suv,4,2001,"127,838 SAR",2003,"97,742 SAR",43294,11.58,4WD,premium,Dhahran,2,4,Black,individual,1
Wolksvagon,sedan,4,2004,"64,601 SAR",2008,"45,563 SAR",200293,19.5,2WD,standard,Madinah,3,1,Silver,individual,1
Shevy,suv,4,1999,"102,395 SAR",2005,"45,962 SAR",133186,3.41,2WD,standard,Dammam,8,2,Blue,company,1
Honta,sedan,4,1999,"48,759 SAR",2008,"13,132 SAR",150832,14.37,2WD,standard,Madinah,5,4,White,company,0
Shevy,sedan,6,2000,"69,628 SAR",2001,"50,006 SAR",7640,5.22,2WD,standard,Madinah,8,2,Blue,individual,1
Toyoda,suv,4,1997,"84,359 SAR",2003,"43,546 SAR",199367,7.1,2WD,standard,Madinah,12,1,White,individual,1
Toyoda,sedan,4,1992,"71,313 SAR",1997,"36,461 SAR",235697,13.67,2WD,premium,Madinah,10,2,Black,individual,0
Mercetes,sedan,6,1995,"63,065 SAR",1997,"39,362 SAR",43279,10.36,2WD,standard,Dammam,7,2,Black,individual,0
Toyoda,suv,6,2004,"116,283 SAR",2007,"79,432 SAR",64385,8.31,4WD,standard,Madinah,5,2,White,individual,0
Toyoda,crossover,4,2004,"77,522 SAR",2010,"44,129 SAR",50925,15.28,2WD,standard,Madinah,5,3,Gray,individual,0
Fourd,sedan,4,2006,"109,778 SAR",2009,"61,947 SAR",51299,7.46,2WD,premium,Dammam,7,2,Red,individual,0
JournalMotors,suv,4,1997,"118,103 SAR",2003,"50,489 SAR",119341,7.89,4WD,standard,Dammam,8,2,Black,individual,0
Shevy,sedan,6,2004,"75,368 SAR",2007,"49,618 SAR",61594,5.84,2WD,standard,Riyadh,2,1,Black,individual,1
Fourd,sedan,4,2007,"95,978 SAR",2010,"56,868 SAR",64024,11.46,4WD,standard,Madinah,6,1,Black,individual,1
Honta,sedan,8,2005,"54,911 SAR",2009,"34,017 SAR",36454,9.81,2WD,standard,Makkah,3,2,Gray,individual,0
Toyoda,sedan,4,2004,"77,522 SAR",2007,"58,105 SAR",125116,16.26,4WD,standard,Dammam,13,2,White,individual,1
Shevy,sedan,8,1998,"66,925 SAR",2000,"39,682 SAR",48454,6.12,2WD,standard,Jeddah,6,4,Black,company,0
Wolksvagon,sedan,4,2000,"83,554 SAR",2004,"50,894 SAR",164739,11.6,2WD,premium,Dhahran,10,1,Silver,individual,1
Masda,suv,6,1996,"96,489 SAR",2003,"48,123 SAR",243129,7.5,2WD,premium,Dammam,2,3,Gray,individual,0
Huendae,sedan,4,1993,"51,956 SAR",1997,"30,271 SAR",168304,17.87,4WD,standard,Dammam,4,3,Gray,company,0
JournalMotors,suv,4,2000,"125,332 SAR",2002,"78,225 SAR",42161,5.98,4WD,standard,Madinah,10,3,White,individual,0
Honta,sedan,4,1996,"45,947 SAR",1996,"34,735 SAR",1320,14.25,2WD,standard,Dhahran,3,2,Black,individual,0
JournalMotors,suv,8,2005,"115,313 SAR",2009,"61,078 SAR",64700,4.99,2WD,standard,Madinah,5,2,Black,individual,1
Shevy,suv,4,2004,"113,052 SAR",2010,"48,329 SAR",119098,4.34,2WD,standard,Jeddah,4,2,Black,individual,0
Fourd,sedan,4,2001,"71,021 SAR",2006,"33,154 SAR",111014,9.18,2WD,standard,Makkah,6,2,White,individual,1
Huendae,suv,4,2004,"96,902 SAR",2012,"28,997 SAR",295294,9.04,4WD,standard,Riyadh,3,3,Gray,individual,0
Fourd,suv,4,2000,"125,332 SAR",2007,"53,579 SAR",88038,7.61,4WD,standard,Madinah,7,2,White,individual,0
JournalMotors,sedan,6,2007,"95,978 SAR",2009,"59,904 SAR",27616,6.6,4WD,standard,Madinah,4,3,Blue,company,0
Shevy,crossover,4,2003,"88,668 SAR",2010,"37,905 SAR",76753,8.68,2WD,standard,Riyadh,11,1,Black,company,0
Shevy,suv,8,2000,"104,443 SAR",2003,"55,990 SAR",62702,3.36,2WD,standard,Makkah,6,4,Black,individual,0
Toyoda,crossover,4,1999,"70,214 SAR",2004,"43,877 SAR",193162,18.08,2WD,standard,Makkah,1,3,Black,individual,0
Honta,sedan,8,2004,"64,601 SAR",2010,"33,915 SAR",120329,12.12,4WD,standard,Riyadh,2,2,White,individual,0
Honta,suv,4,1991,"62,424 SAR",1998,"32,444 SAR",133906,17.47,2WD,standard,Dammam,7,3,Gray,individual,0
Shevy,crossover,4,2004,"90,442 SAR",2006,"59,271 SAR",44213,8.23,2WD,standard,Jeddah,4,3,Blue,individual,1
Masda,suv,4,2005,"98,840 SAR",2007,"64,775 SAR",75405,11.62,4WD,standard,Makkah,7,3,Gray,individual,0
Toyoda,sedan,4,1994,"63,595 SAR",1997,"50,175 SAR",64004,20.98,4WD,standard,Makkah,5,2,White,individual,1
Honta,crossover,4,2003,"76,001 SAR",2009,"35,910 SAR",58115,14.26,4WD,standard,Riyadh,11,1,Black,individual,0
Nesshan,crossover,4,2006,"94,096 SAR",2009,"61,622 SAR",52102,13.36,2WD,premium,Madinah,9,2,White,individual,1
Masda,sedan,6,2003,"52,779 SAR",2006,"38,020 SAR",57136,19.02,2WD,standard,Dammam,5,3,Red,individual,1
Honta,sedan,4,1996,"55,136 SAR",1999,"37,827 SAR",57492,19.0,4WD,standard,Makkah,12,3,Black,individual,0
Shevy,crossover,4,2001,"102,271 SAR",2009,"26,166 SAR",314107,8.99,4WD,standard,Dhahran,6,2,Blue,individual,1
Fourd,crossover,4,1999,"114,682 SAR",2001,"71,399 SAR",34182,9.82,2WD,premium,Madinah,9,4,Black,company,1
Huendae,sedan,6,1999,"58,511 SAR",2001,"42,180 SAR",80049,16.19,4WD,standard,Dammam,4,1,Black,individual,0
Masda,crossover,4,2006,"67,211 SAR",2010,"39,159 SAR",172117,15.72,2WD,standard,Dammam,8,2,White,individual,0
Huendae,suv,8,1994,"66,244 SAR",1997,"41,316 SAR",64195,8.54,2WD,standard,Jeddah,4,2,Gray,individual,0
Toyoda,crossover,4,1994,"63,595 SAR",1999,"36,128 SAR",186349,10.84,2WD,standard,Makkah,1,1,Black,company,0
Shevy,suv,4,2002,"182,553 SAR",2007,"90,181 SAR",97484,4.41,4WD,premium,Makkah,3,2,Black,individual,0
Huendae,sedan,4,2000,"59,681 SAR",2005,"34,052 SAR",216951,23.28,4WD,standard,Riyadh,1,2,White,individual,0
Shevy,suv,4,2001,"149,145 SAR",2010,"38,255 SAR",96551,8.38,2WD,premium,Jeddah,10,1,Black,individual,0
Toyoda,sedan,4,2002,"74,511 SAR",2007,"41,906 SAR",173040,18.2,4WD,standard,Jeddah,10,3,White,individual,0
Honta,sedan,6,2004,"64,601 SAR",2010,"35,255 SAR",79332,18.99,4WD,standard,Dhahran,10,2,Red,individual,1
Fourd,sedan,4,1997,"65,612 SAR",1999,"42,999 SAR",21015,7.1,2WD,standard,Dammam,10,2,Gray,individual,1
Masda,suv,4,1997,"70,299 SAR",2004,"38,752 SAR",83441,5.85,2WD,standard,Madinah,2,1,Gray,individual,1
Geep,sedan,4,2007,"79,981 SAR",2014,"30,858 SAR",280513,7.44,2WD,standard,Madinah,4,4,Blue,individual,0
Shevy,crossover,6,1995,"75,678 SAR",2002,"32,352 SAR",59092,4.12,2WD,standard,Dammam,12,1,Black,individual,0
Masda,crossover,8,1997,"67,487 SAR",1997,"45,918 SAR",1379,8.43,4WD,standard,Dhahran,5,2,Silver,individual,0
Huendae,suv,4,2008,"104,890 SAR",2011,"65,419 SAR",63747,14.04,4WD,standard,Makkah,5,2,White,individual,0
Huendae,sedan,8,1996,"45,947 SAR",2005,"13,025 SAR",176662,8.66,2WD,standard,Riyadh,7,2,Red,individual,0
Toyoda,sedan,4,2007,"68,555 SAR",2007,"56,195 SAR",960,19.83,2WD,standard,Dhahran,4,3,Black,individual,0
Masda,crossover,4,2008,"69,926 SAR",2015,"40,281 SAR",284215,17.36,2WD,standard,Dhahran,3,1,Black,individual,1
JournalMotors,suv,6,2001,"178,974 SAR",2005,"90,283 SAR",85291,5.19,4WD,premium,Madinah,12,2,Blue,individual,0
Wolksvagon,crossover,4,1993,"74,817 SAR",1999,"47,321 SAR",111945,16.33,4WD,standard,Dhahran,2,2,White,company,0
BeEmW,suv,4,2007,"119,972 SAR",2014,"51,288 SAR",140314,4.76,2WD,standard,Dammam,7,3,Gray,individual,0
Shevy,sedan,6,1995,"63,065 SAR",2002,"25,612 SAR",250143,5.27,2WD,standard,Dammam,7,1,Silver,individual,0
Fourd,suv,6,1997,"118,103 SAR",2002,"58,342 SAR",99277,3.56,4WD,standard,Jeddah,1,2,Gray,individual,0
Honta,suv,6,1994,"66,244 SAR",1999,"32,552 SAR",32523,11.69,2WD,standard,Makkah,13,3,Silver,individual,0
Honta,suv,4,2005,"98,840 SAR",2009,"55,108 SAR",39311,13.93,4WD,standard,Dammam,11,3,Red,individual,0
Fourd,suv,4,1999,"143,353 SAR",2007,"34,931 SAR",353761,2.97,2WD,premium,Riyadh,4,2,Gray,company,0
Honta,crossover,4,1998,"68,837 SAR",2005,"37,566 SAR",73692,18.02,4WD,standard,Dammam,11,1,Red,individual,1
JournalMotors,sedan,4,2006,"78,413 SAR",2010,"39,555 SAR",45682,7.0,2WD,standard,Jeddah,5,2,Black,individual,0
Fourd,crossover,6,2004,"126,619 SAR",2010,"54,129 SAR",83449,4.74,2WD,premium,Madinah,9,1,Black,individual,0
Nesshan,suv,4,2001,"76,094 SAR",2007,"39,549 SAR",111191,16.78,2WD,standard,Riyadh,5,2,Black,company,0
JournalMotors,suv,4,2004,"158,274 SAR",2011,"67,492 SAR",322866,8.71,2WD,premium,Jeddah,8,3,Red,company,1
Toyoda,sedan,8,1998,"80,310 SAR",2005,"37,404 SAR",358833,13.23,2WD,premium,Makkah,13,3,White,individual,0
Nesshan,suv,4,2002,"77,616 SAR",2006,"43,274 SAR",81513,14.88,2WD,standard,Dhahran,4,2,Black,individual,0
JournalMotors,suv,4,2001,"106,532 SAR",2009,"28,691 SAR",67192,3.33,2WD,standard,Madinah,4,2,Blue,individual,1
Fourd,suv,4,2000,"125,332 SAR",2004,"63,223 SAR",84301,7.0,4WD,standard,Madinah,7,2,White,company,0
JournalMotors,sedan,4,2000,"83,554 SAR",2003,"47,149 SAR",55362,11.11,4WD,standard,Riyadh,9,3,Silver,individual,0
Honta,suv,8,2003,"79,168 SAR",2009,"37,313 SAR",50891,8.09,2WD,standard,Dammam,5,4,Black,individual,1
Nesshan,sedan,4,2002,"62,093 SAR",2003,"49,054 SAR",46933,19.83,4WD,standard,Dhahran,11,2,White,company,0
Shevy,crossover,6,2003,"124,136 SAR",2006,"77,638 SAR",122969,3.23,2WD,premium,Dhahran,2,2,Black,individual,1
JournalMotors,sedan,6,1998,"93,695 SAR",2006,"22,831 SAR",372892,3.7,2WD,premium,Madinah,10,2,Black,company,0
Fourd,crossover,4,1995,"127,139 SAR",1999,"64,135 SAR",55550,9.88,4WD,premium,Jeddah,5,3,Gray,individual,0
Fourd,sedan,4,2005,"76,875 SAR",2011,"32,955 SAR",251477,6.87,2WD,standard,Makkah,3,4,Red,company,0
Masda,crossover,4,2000,"83,554 SAR",2005,"41,058 SAR",102818,8.63,2WD,premium,Dammam,4,1,Brown,individual,0
Toyoda,suv,6,2000,"89,522 SAR",2002,"71,020 SAR",17606,5.01,2WD,standard,Dhahran,8,2,White,company,1
Toyoda,sedan,4,2004,"77,522 SAR",2009,"45,894 SAR",45056,16.96,4WD,standard,Madinah,8,2,White,individual,0
BeEmW,sedan,8,2002,"72,441 SAR",2005,"36,892 SAR",140235,5.08,2WD,standard,Dhahran,11,4,Gray,individual,0
Masda,suv,6,2004,"96,902 SAR",2008,"57,029 SAR",147261,7.24,4WD,standard,Jeddah,1,2,Black,individual,0
Fourd,sedan,6,2005,"107,626 SAR",2009,"54,291 SAR",99208,8.03,2WD,premium,Dammam,8,3,Red,individual,0
Shevy,crossover,4,1995,"75,678 SAR",1999,"40,084 SAR",49227,5.13,2WD,standard,Dammam,4,3,White,individual,1
JournalMotors,sedan,4,2001,"85,225 SAR",2007,"36,342 SAR",239992,4.69,4WD,standard,Riyadh,9,2,Black,individual,1
Shevy,sedan,4,2007,"79,981 SAR",2011,"42,363 SAR",69479,5.67,2WD,standard,Dhahran,6,1,Gray,company,1
Huendae,sedan,6,2002,"86,930 SAR",2011,"27,109 SAR",106961,17.04,4WD,premium,Madinah,8,3,Gray,individual,0
Honta,suv,4,2003,"79,168 SAR",2010,"39,485 SAR",80464,14.8,2WD,standard,Dhahran,3,4,Silver,individual,0
BeEmW,sedan,4,2002,"72,441 SAR",2007,"33,817 SAR",49791,7.61,2WD,standard,Riyadh,9,3,Blue,individual,1
Huendae,sedan,4,2002,"72,441 SAR",2008,"35,768 SAR",260116,23.59,2WD,premium,Madinah,4,2,Gray,individual,0
BeEmW,suv,8,2002,"108,662 SAR",2006,"54,814 SAR",65701,3.34,2WD,standard,Riyadh,5,1,Black,company,0
Toyoda,suv,4,2004,"116,283 SAR",2008,"67,457 SAR",166945,6.33,4WD,standard,Makkah,6,3,Silver,individual,0
JournalMotors,crossover,6,1997,"110,229 SAR",2002,"49,007 SAR",86308,6.88,2WD,premium,Dammam,10,2,White,individual,0
Huendae,suv,6,1996,"96,489 SAR",1999,"60,180 SAR",57216,10.18,2WD,premium,Dhahran,4,1,White,individual,0
Toyoda,sedan,4,2001,"73,050 SAR",2004,"54,890 SAR",24986,15.88,4WD,standard,Dhahran,9,3,Red,individual,0
Masda,sedan,4,2004,"75,368 SAR",2007,"44,656 SAR",131604,13.65,2WD,premium,Jeddah,5,1,Gray,individual,0
Shevy,suv,4,1994,"111,291 SAR",1994,"71,936 SAR",790,7.7,4WD,standard,Dhahran,7,1,Red,individual,1
Shevy,sedan,4,1994,"61,828 SAR",1996,"38,589 SAR",36893,5.13,2WD,standard,Madinah,13,3,White,individual,0
Masda,crossover,4,2005,"65,893 SAR",2013,"22,831 SAR",86445,15.74,2WD,standard,Makkah,3,2,Gray,individual,0
Toyoda,sedan,4,2006,"67,211 SAR",2007,"64,276 SAR",20620,15.62,2WD,standard,Madinah,4,2,Red,individual,1
Toyoda,crossover,4,2001,"87,660 SAR",2004,"59,730 SAR",127307,12.48,4WD,standard,Jeddah,8,2,Black,individual,1
Fourd,sedan,6,1994,"74,194 SAR",1999,"36,560 SAR",160056,4.83,4WD,standard,Dhahran,3,3,Gray,company,1
Toyoda,crossover,4,1991,"59,927 SAR",1991,"52,100 SAR",1132,11.89,2WD,standard,Riyadh,3,2,Silver,individual,1
Huendae,crossover,8,1995,"54,055 SAR",1999,"30,138 SAR",39395,8.76,2WD,standard,Dhahran,4,1,Black,company,0
Shevy,suv,8,1999,"102,395 SAR",2001,"63,909 SAR",12562,2.21,2WD,standard,Dhahran,8,3,Silver,individual,0
Nesshan,suv,8,2004,"80,752 SAR",2008,"47,274 SAR",83501,7.55,2WD,standard,Madinah,7,3,Black,individual,1
JournalMotors,suv,4,2001,"149,145 SAR",2006,"62,994 SAR",213142,5.67,2WD,premium,Riyadh,6,1,Black,company,0
JournalMotors,suv,4,2003,"155,170 SAR",2009,"73,705 SAR",120388,8.21,2WD,premium,Jeddah,2,2,Silver,company,0
Honta,suv,4,1999,"73,139 SAR",2005,"38,013 SAR",115066,18.28,2WD,standard,Makkah,4,2,Silver,individual,0
JournalMotors,sedan,4,1998,"93,695 SAR",2003,"39,573 SAR",62766,5.75,2WD,premium,Riyadh,11,4,Blue,individual,0
Honta,suv,4,2000,"74,602 SAR",2005,"34,826 SAR",108311,8.88,2WD,standard,Riyadh,4,4,Gray,individual,0
Toyoda,suv,6,2001,"127,838 SAR",2004,"87,326 SAR",31572,10.94,2WD,premium,Dhahran,6,2,Blue,individual,0
Honta,sedan,8,2005,"54,911 SAR",2011,"24,648 SAR",221030,12.04,2WD,standard,Jeddah,8,1,Blue,individual,0
Huendae,suv,4,2005,"115,313 SAR",2012,"54,485 SAR",115312,11.51,2WD,premium,Makkah,5,2,Silver,individual,0
JournalMotors,suv,6,2002,"108,662 SAR",2004,"79,124 SAR",11293,3.66,2WD,standard,Riyadh,3,2,Gray,individual,1
Nesshan,sedan,4,1996,"45,947 SAR",1999,"29,871 SAR",123814,16.54,2WD,standard,Riyadh,10,4,Gray,individual,1
Shevy,suv,4,1996,"96,489 SAR",1996,"62,368 SAR",1314,5.0,2WD,standard,Madinah,9,2,Black,individual,1
Geep,suv,6,2005,"138,376 SAR",2010,"58,445 SAR",104934,4.41,4WD,standard,Madinah,6,4,Gray,individual,0
Toyoda,suv,4,2003,"159,604 SAR",2006,"108,752 SAR",120696,9.02,4WD,premium,Dammam,4,1,Red,individual,1
Shevy,suv,4,2005,"161,439 SAR",2007,"100,762 SAR",37745,7.77,2WD,premium,Madinah,8,1,Blue,individual,0
JournalMotors,suv,6,2005,"138,376 SAR",2010,"61,521 SAR",81639,5.24,4WD,standard,Madinah,6,3,Red,company,0
Nesshan,crossover,6,2005,"65,893 SAR",2011,"31,134 SAR",61153,8.59,2WD,standard,Makkah,9,1,Black,individual,0
Honta,sedan,4,2008,"81,581 SAR",2011,"55,970 SAR",22878,20.66,2WD,premium,Riyadh,9,1,Black,individual,0
JournalMotors,suv,4,2001,"106,532 SAR",2007,"50,602 SAR",84665,3.02,2WD,standard,Makkah,0,1,White,individual,0
Fourd,sedan,6,1999,"95,569 SAR",2004,"40,365 SAR",249046,5.81,2WD,premium,Dhahran,8,2,Gray,individual,0
Toyoda,sedan,8,2002,"86,930 SAR",2006,"53,083 SAR",44081,11.19,2WD,premium,Dhahran,6,3,White,individual,0
Mercetes,sedan,4,1993,"60,616 SAR",1996,"34,120 SAR",112369,6.95,2WD,standard,Madinah,9,1,Black,individual,1
JournalMotors,sedan,8,1998,"93,695 SAR",2001,"52,739 SAR",61055,6.31,2WD,premium,Dhahran,13,4,Gray,individual,1
BeEmW,suv,4,2001,"106,532 SAR",2005,"59,711 SAR",43225,6.9,2WD,standard,Dhahran,3,2,White,individual,0
Honta,crossover,4,1998,"68,837 SAR",2002,"36,461 SAR",147236,13.85,4WD,standard,Dhahran,7,1,Gray,company,0
Wolksvagon,suv,4,2005,"98,840 SAR",2011,"46,034 SAR",313312,9.85,2WD,standard,Dammam,4,1,Silver,individual,0
Toyoda,suv,6,2000,"89,522 SAR",2009,"27,796 SAR",172034,9.62,2WD,standard,Madinah,8,3,Gray,company,0
Huendae,crossover,8,2003,"63,334 SAR",2007,"41,197 SAR",71664,8.56,2WD,standard,Dammam,3,2,Blue,company,1
Toyoda,crossover,4,2007,"138,208 SAR",2012,"74,383 SAR",90981,13.7,4WD,premium,Jeddah,11,3,Black,individual,0
JournalMotors,sedan,4,2000,"69,628 SAR",2000,"50,006 SAR",927,9.19,2WD,standard,Madinah,3,1,Gray,individual,1
Huendae,crossover,6,2005,"65,893 SAR",2013,"20,548 SAR",185955,16.38,2WD,standard,Dammam,4,1,Black,individual,0
Masda,suv,4,2001,"106,532 SAR",2003,"81,656 SAR",44010,10.26,2WD,premium,Riyadh,1,2,Red,individual,0
Toyoda,suv,4,1997,"101,231 SAR",2005,"31,204 SAR",363727,15.55,4WD,standard,Jeddah,9,4,Red,individual,0
Nesshan,suv,8,1999,"73,139 SAR",2002,"45,502 SAR",133342,9.68,2WD,standard,Jeddah,5,2,White,individual,1
Nesshan,sedan,4,2005,"54,911 SAR",2009,"37,325 SAR",191378,22.33,2WD,standard,Dhahran,2,3,Black,individual,1
BeEmW,sedan,8,1995,"63,065 SAR",1996,"43,028 SAR",37382,2.89,2WD,standard,Makkah,8,1,Gray,individual,1
Masda,sedan,8,2004,"53,834 SAR",2009,"25,131 SAR",245450,6.5,2WD,standard,Madinah,9,1,Black,company,0
Honta,suv,4,2003,"79,168 SAR",2008,"42,912 SAR",216216,15.34,2WD,standard,Madinah,2,4,White,individual,0
BeEmW,suv,4,2000,"146,220 SAR",2003,"91,679 SAR",33996,2.9,2WD,premium,Dammam,2,2,Gray,individual,0
Masda,crossover,4,1995,"54,055 SAR",2003,"16,090 SAR",132949,9.81,2WD,standard,Madinah,7,3,White,individual,1
Fourd,sedan,4,1995,"63,065 SAR",2001,"26,960 SAR",127557,11.35,2WD,standard,Makkah,10,3,Silver,individual,0
Shevy,suv,4,2006,"117,620 SAR",2007,"72,608 SAR",41889,3.49,2WD,standard,Madinah,8,4,White,individual,0
Fourd,sedan,6,2000,"69,628 SAR",2002,"48,287 SAR",41118,7.01,2WD,standard,Makkah,3,3,Blue,individual,0
Fourd,crossover,4,1991,"69,914 SAR",1996,"31,006 SAR",160871,11.12,2WD,standard,Dammam,13,2,Gray,individual,1
Toyoda,suv,4,1995,"81,083 SAR",1996,"70,493 SAR",12211,12.66,2WD,standard,Jeddah,8,2,Black,company,1
Masda,sedan,4,2001,"85,225 SAR",2004,"52,769 SAR",129341,21.59,4WD,premium,Jeddah,4,4,Gray,individual,0
Masda,suv,4,1997,"70,299 SAR",2002,"32,817 SAR",164181,7.82,2WD,standard,Madinah,6,3,Red,company,0
Shevy,suv,6,2002,"108,662 SAR",2011,"29,420 SAR",370179,4.37,2WD,standard,Makkah,3,3,Gray,individual,0
Masda,suv,4,2007,"102,833 SAR",2012,"56,146 SAR",102563,11.01,4WD,standard,Jeddah,3,2,Black,company,0
Huendae,suv,4,1999,"73,139 SAR",2005,"38,397 SAR",56825,13.75,2WD,standard,Makkah,1,2,Gray,individual,0
Huendae,crossover,4,2005,"79,072 SAR",2010,"44,878 SAR",62808,20.06,4WD,standard,Makkah,11,2,Black,individual,1
Toyoda,suv,8,1993,"77,935 SAR",1995,"61,827 SAR",24515,7.38,2WD,standard,Dammam,4,1,Gray,individual,1
Fourd,sedan,8,1999,"81,916 SAR",2004,"36,521 SAR",209810,2.09,4WD,standard,Riyadh,2,4,Gray,individual,0
Fourd,sedan,4,1994,"61,828 SAR",1998,"31,189 SAR",80609,6.68,2WD,standard,Makkah,14,2,Blue,individual,0
Fourd,suv,4,2004,"135,663 SAR",2012,"34,797 SAR",177340,4.57,4WD,standard,Riyadh,7,2,Black,individual,0
Huendae,sedan,8,1996,"45,947 SAR",2002,"25,075 SAR",104847,15.79,2WD,standard,Riyadh,10,2,Silver,individual,1
Honta,sedan,4,2003,"52,779 SAR",2009,"27,431 SAR",46933,17.3,2WD,standard,Jeddah,7,1,Black,individual,0
Huendae,suv,4,2005,"115,313 SAR",2008,"79,911 SAR",22187,9.78,2WD,premium,Dhahran,3,1,Gray,individual,0
Honta,suv,8,2004,"80,752 SAR",2013,"21,748 SAR",93191,6.42,2WD,standard,Riyadh,11,4,Silver,individual,0
Honta,sedan,6,2001,"50,729 SAR",2006,"24,928 SAR",92808,13.6,2WD,standard,Riyadh,5,3,Silver,individual,0
Huendae,sedan,6,1994,"74,194 SAR",1999,"36,458 SAR",103717,11.65,4WD,premium,Dammam,6,2,Gray,individual,0
Shevy,crossover,4,1991,"83,897 SAR",1996,"37,300 SAR",93150,5.36,4WD,standard,Riyadh,10,1,Silver,company,0
Wolksvagon,sedan,8,1995,"54,055 SAR",1999,"34,659 SAR",65159,9.66,2WD,standard,Dhahran,7,3,Red,individual,1
Toyoda,crossover,4,2000,"85,942 SAR",2006,"44,363 SAR",292688,9.17,4WD,standard,Jeddah,5,2,Red,individual,1
Shevy,suv,4,2002,"130,395 SAR",2004,"90,428 SAR",13312,5.14,4WD,standard,Riyadh,1,3,Silver,company,0
Fourd,crossover,4,2003,"124,136 SAR",2004,"99,060 SAR",19083,7.19,2WD,premium,Makkah,2,3,White,company,1
Fourd,suv,4,2001,"127,838 SAR",2007,"60,723 SAR",133571,7.18,4WD,standard,Jeddah,1,2,Red,individual,0
Toyoda,suv,4,2006,"120,980 SAR",2009,"91,823 SAR",20538,11.3,4WD,standard,Dammam,3,2,Black,company,0
Honta,sedan,4,2007,"57,129 SAR",2010,"41,154 SAR",60581,22.49,2WD,standard,Riyadh,9,2,Gray,company,1
Fourd,suv,4,1997,"118,103 SAR",2004,"56,098 SAR",146956,5.13,4WD,standard,Riyadh,3,1,Gray,individual,0
Fourd,crossover,4,2002,"86,930 SAR",2002,"53,514 SAR",605,8.14,2WD,standard,Madinah,9,1,Red,individual,0
Toyoda,suv,4,2008,"104,890 SAR",2009,"86,848 SAR",17984,11.13,2WD,standard,Madinah,4,2,Black,company,0
JournalMotors,sedan,6,2000,"69,628 SAR",2006,"29,765 SAR",43395,7.79,2WD,standard,Jeddah,9,2,Gray,company,0
Huendae,sedan,4,2004,"75,368 SAR",2006,"54,332 SAR",67436,21.8,2WD,premium,Dammam,8,1,Gray,individual,0
Shevy,sedan,4,1999,"81,916 SAR",2003,"41,322 SAR",34048,13.23,4WD,standard,Dhahran,11,1,Black,company,0
Masda,crossover,8,1995,"75,678 SAR",1999,"44,538 SAR",189197,11.17,2WD,premium,Dammam,2,2,Black,individual,0
Fourd,sedan,4,2002,"101,418 SAR",2005,"66,768 SAR",58538,9.35,2WD,premium,Dhahran,3,2,Red,company,1
Toyoda,sedan,4,2000,"59,681 SAR",2006,"37,748 SAR",135390,22.83,2WD,standard,Riyadh,1,2,Gray,individual,0
JournalMotors,suv,4,2006,"141,144 SAR",2011,"62,752 SAR",31936,6.63,4WD,standard,Madinah,13,1,Gray,company,0
JournalMotors,suv,8,2000,"104,443 SAR",2003,"61,884 SAR",37592,2.74,2WD,standard,Dhahran,5,2,Black,company,1
Toyoda,sedan,4,2002,"62,093 SAR",2004,"49,025 SAR",88831,15.01,2WD,standard,Dammam,8,2,Black,individual,0
Toyoda,crossover,4,2005,"79,072 SAR",2011,"40,919 SAR",118577,8.15,2WD,standard,Riyadh,4,3,Gray,company,0
JournalMotors,crossover,8,1994,"103,871 SAR",1998,"52,266 SAR",143872,6.14,2WD,premium,Jeddah,11,1,Gray,individual,1
Shevy,sedan,4,2007,"95,978 SAR",2010,"56,868 SAR",35009,10.01,4WD,standard,Riyadh,13,2,White,individual,1
Huendae,sedan,8,2006,"56,009 SAR",2007,"42,342 SAR",18713,10.44,2WD,standard,Dhahran,9,2,White,company,0
Huendae,suv,4,2006,"100,817 SAR",2011,"47,064 SAR",209010,13.19,4WD,standard,Riyadh,6,2,Gray,individual,0
Toyoda,suv,4,2003,"95,002 SAR",2012,"30,973 SAR",95948,9.5,2WD,standard,Jeddah,12,1,Red,individual,1
Huendae,sedan,8,2006,"56,009 SAR",2009,"36,679 SAR",63475,14.33,2WD,standard,Makkah,5,3,Gray,individual,1
Fourd,crossover,4,2003,"88,668 SAR",2006,"50,035 SAR",23804,6.74,2WD,standard,Dhahran,7,3,Black,individual,0
Masda,suv,4,1998,"120,465 SAR",2004,"56,919 SAR",60911,13.03,4WD,premium,Dhahran,6,2,Brown,individual,0
Toyoda,sedan,4,1998,"57,364 SAR",2005,"31,021 SAR",148645,16.76,2WD,standard,Makkah,4,4,Silver,individual,0
Nesshan,crossover,8,1992,"71,313 SAR",2001,"19,206 SAR",376081,12.49,2WD,premium,Jeddah,5,1,White,individual,0
JournalMotors,suv,4,1996,"96,489 SAR",2003,"39,186 SAR",160937,3.89,2WD,standard,Jeddah,4,4,Red,individual,0
JournalMotors,suv,6,1996,"96,489 SAR",1998,"60,223 SAR",37730,6.56,2WD,standard,Dhahran,4,1,White,individual,0
Toyoda,crossover,4,2005,"94,886 SAR",2008,"64,654 SAR",119638,12.82,4WD,standard,Riyadh,9,3,Silver,individual,1
BeEmW,crossover,4,2005,"92,251 SAR",2013,"24,976 SAR",309865,3.67,2WD,standard,Riyadh,2,1,Red,individual,0
Honta,suv,4,2004,"96,902 SAR",2011,"43,496 SAR",249497,10.11,4WD,standard,Makkah,11,1,Black,individual,0
Masda,crossover,4,2007,"95,978 SAR",2012,"47,163 SAR",83173,9.08,2WD,premium,Jeddah,8,2,Blue,individual,0
Honta,suv,4,2002,"77,616 SAR",2009,"44,823 SAR",142908,15.55,2WD,standard,Riyadh,0,2,Blue,company,0
Fourd,sedan,8,2002,"101,418 SAR",2007,"44,977 SAR",234404,3.79,2WD,premium,Makkah,4,1,Black,individual,1
Toyoda,suv,4,1996,"99,246 SAR",2003,"53,927 SAR",130990,14.36,4WD,standard,Jeddah,7,2,White,individual,1
Masda,sedan,4,1998,"47,803 SAR",2005,"23,603 SAR",309584,19.61,2WD,standard,Riyadh,4,3,Gray,individual,0
Fourd,suv,6,2000,"125,332 SAR",2003,"70,548 SAR",118864,3.81,4WD,standard,Dammam,6,3,Silver,individual,1
Fourd,suv,4,2003,"133,003 SAR",2010,"56,858 SAR",60846,3.5,4WD,standard,Riyadh,4,1,Gray,individual,0
Fourd,crossover,4,2005,"92,251 SAR",2012,"35,592 SAR",303056,6.61,2WD,standard,Madinah,6,4,Black,individual,0
Honta,sedan,8,2007,"68,555 SAR",2010,"42,757 SAR",33835,11.49,4WD,standard,Dhahran,6,1,Gray,individual,0
Fourd,sedan,4,2001,"99,430 SAR",2004,"56,108 SAR",56060,4.59,2WD,premium,Dhahran,8,1,Gray,individual,0
Wolksvagon,suv,4,1998,"86,046 SAR",2007,"26,717 SAR",172828,7.75,2WD,standard,Riyadh,4,1,White,company,0
Honta,suv,4,1995,"67,569 SAR",2002,"37,070 SAR",256705,15.82,2WD,standard,Riyadh,2,3,Black,individual,0
Masda,suv,4,2005,"82,367 SAR",2009,"43,627 SAR",170352,10.93,2WD,standard,Jeddah,8,3,Black,company,0
Shevy,sedan,4,2003,"103,447 SAR",2011,"26,534 SAR",163421,10.98,2WD,premium,Jeddah,9,1,Red,individual,0
Fourd,sedan,8,2002,"72,441 SAR",2008,"30,968 SAR",64243,4.2,2WD,standard,Dammam,7,2,Black,company,0
Huendae,suv,8,2003,"110,836 SAR",2007,"58,706 SAR",155800,6.1,2WD,premium,Riyadh,4,2,Black,individual,0
Toyoda,sedan,8,2000,"59,681 SAR",2001,"52,161 SAR",42221,7.34,2WD,standard,Dhahran,3,2,Gray,individual,0
Toyoda,suv,6,2002,"93,139 SAR",2009,"56,232 SAR",138699,10.07,2WD,standard,Dhahran,1,2,White,company,1
Nesshan,crossover,4,2006,"80,653 SAR",2008,"58,142 SAR",85436,21.85,4WD,standard,Madinah,4,2,Gray,individual,0
Honta,sedan,6,2007,"57,129 SAR",2014,"29,692 SAR",372833,20.78,2WD,standard,Jeddah,3,3,White,individual,0
Wolksvagon,sedan,4,2005,"65,893 SAR",2008,"49,388 SAR",130794,17.28,2WD,standard,Jeddah,7,1,Black,company,1
Shevy,crossover,4,1998,"112,434 SAR",2002,"56,717 SAR",79036,5.38,2WD,premium,Makkah,9,1,Silver,individual,0
Huendae,suv,8,2003,"95,002 SAR",2007,"55,616 SAR",75790,7.31,4WD,standard,Dhahran,7,3,Gray,individual,1
Nesshan,sedan,6,2002,"62,093 SAR",2007,"31,885 SAR",169136,15.85,4WD,standard,Riyadh,5,2,Silver,individual,0
Mercetes,suv,8,2001,"106,532 SAR",2006,"47,364 SAR",50363,4.39,2WD,standard,Riyadh,8,2,Silver,individual,0
Mercetes,suv,4,2007,"201,554 SAR",2014,"95,498 SAR",271614,5.07,4WD,premium,Jeddah,3,1,Gray,individual,1
Honta,crossover,8,2007,"115,173 SAR",2010,"68,241 SAR",121231,9.79,4WD,premium,Makkah,12,1,Gray,individual,0
Fourd,crossover,4,2003,"124,136 SAR",2008,"55,052 SAR",192018,10.36,2WD,premium,Dhahran,9,2,Red,individual,1
Fourd,sedan,4,2004,"90,442 SAR",2008,"45,623 SAR",68854,8.87,4WD,standard,Madinah,6,1,White,individual,0
Shevy,suv,6,2002,"152,128 SAR",2006,"81,004 SAR",159512,5.46,2WD,premium,Jeddah,2,1,Gray,individual,0
JournalMotors,suv,8,2007,"119,972 SAR",2013,"51,159 SAR",277891,3.45,2WD,standard,Jeddah,14,3,White,company,1
Honta,suv,4,1996,"82,705 SAR",2002,"42,985 SAR",71742,18.96,4WD,standard,Dammam,9,1,Blue,individual,0
JournalMotors,crossover,8,2002,"86,930 SAR",2005,"46,601 SAR",111755,4.01,2WD,standard,Dhahran,8,1,Red,individual,0
Fourd,crossover,4,1997,"78,735 SAR",2005,"22,439 SAR",156889,9.87,2WD,standard,Jeddah,3,2,White,company,0
Nesshan,suv,4,2008,"104,890 SAR",2011,"65,419 SAR",37884,13.98,4WD,standard,Dammam,6,1,Black,individual,0
Masda,sedan,4,2001,"60,875 SAR",2005,"33,940 SAR",49517,10.48,4WD,standard,Riyadh,7,2,Black,individual,0
Masda,sedan,4,1998,"47,803 SAR",2003,"24,795 SAR",161382,14.55,2WD,standard,Jeddah,3,2,Red,individual,0
Masda,sedan,8,1998,"80,310 SAR",2002,"42,537 SAR",138646,9.83,4WD,premium,Madinah,9,1,Red,individual,0
JournalMotors,suv,4,2008,"122,372 SAR",2013,"54,406 SAR",104816,8.79,2WD,standard,Dammam,4,2,Red,company,0
Fourd,suv,4,2003,"110,836 SAR",2010,"50,014 SAR",279463,6.54,2WD,standard,Dhahran,2,1,Black,company,0
Toyoda,suv,6,1999,"87,767 SAR",2003,"50,915 SAR",146561,9.3,2WD,standard,Madinah,10,2,Gray,individual,0
Fourd,crossover,4,2008,"117,477 SAR",2012,"62,224 SAR",77490,6.27,4WD,standard,Madinah,10,1,White,individual,1
Shevy,crossover,4,2002,"86,930 SAR",2007,"38,649 SAR",108662,6.15,2WD,standard,Dhahran,7,3,Red,individual,0
Nesshan,sedan,4,2003,"63,334 SAR",2006,"43,451 SAR",17625,15.31,4WD,standard,Jeddah,9,2,Black,individual,0
Fourd,suv,4,2000,"146,220 SAR",2006,"65,634 SAR",72885,6.17,2WD,premium,Madinah,9,3,White,individual,1
Nesshan,suv,6,1997,"70,299 SAR",1998,"50,488 SAR",40349,11.22,2WD,standard,Jeddah,8,2,Brown,individual,0
Toyoda,crossover,6,2007,"82,266 SAR",2011,"58,608 SAR",43311,7.75,2WD,standard,Dhahran,3,3,Gray,company,1
BeEmW,crossover,4,2009,"99,855 SAR",2015,"42,688 SAR",128427,6.03,2WD,standard,Makkah,6,1,Blue,individual,0
JournalMotors,crossover,4,2005,"110,701 SAR",2009,"55,843 SAR",75128,3.7,4WD,standard,Dammam,5,3,Black,company,0
JournalMotors,suv,4,1998,"100,387 SAR",2003,"52,070 SAR",50877,4.62,2WD,standard,Dhahran,1,1,Red,individual,1
Huendae,crossover,4,1997,"67,487 SAR",2001,"39,508 SAR",30484,10.92,4WD,standard,Dammam,6,2,Black,individual,1
Nesshan,suv,4,1998,"86,046 SAR",2004,"36,591 SAR",321834,11.69,4WD,standard,Makkah,4,3,Black,company,0
Shevy,suv,8,2000,"125,332 SAR",2006,"59,383 SAR",217832,5.14,4WD,standard,Dhahran,3,2,Black,individual,1
Fourd,sedan,4,1996,"64,326 SAR",2004,"16,499 SAR",187965,8.92,2WD,standard,Riyadh,7,3,Silver,company,0
Toyoda,suv,8,1995,"81,083 SAR",1997,"61,109 SAR",39899,5.3,2WD,standard,Dammam,12,4,Black,company,1
Shevy,sedan,4,2006,"78,413 SAR",2014,"20,112 SAR",164174,6.32,2WD,standard,Jeddah,12,2,Black,individual,0
Shevy,suv,6,2004,"135,663 SAR",2009,"67,017 SAR",97942,3.65,4WD,standard,Dammam,2,2,Black,individual,0
JournalMotors,sedan,4,2001,"71,021 SAR",2006,"31,575 SAR",95163,10.64,2WD,standard,Makkah,6,3,Black,individual,0
Fourd,sedan,4,2004,"75,368 SAR",2009,"35,184 SAR",50046,9.79,2WD,standard,Riyadh,9,3,Gray,individual,1
Toyoda,crossover,8,2004,"77,522 SAR",2009,"46,358 SAR",117305,9.66,2WD,standard,Riyadh,2,3,Blue,individual,0
Honta,suv,4,1998,"71,705 SAR",2003,"36,997 SAR",36995,14.83,2WD,standard,Riyadh,7,3,Black,individual,1
Fourd,crossover,4,1995,"105,949 SAR",2000,"47,104 SAR",109316,6.71,2WD,premium,Dhahran,9,2,Gray,individual,0
Huendae,sedan,8,2004,"90,442 SAR",2007,"56,408 SAR",62317,7.8,4WD,premium,Riyadh,8,1,Brown,individual,0
Shevy,suv,4,1994,"111,291 SAR",1999,"49,356 SAR",93914,7.05,4WD,standard,Dammam,7,4,Blue,individual,1
Toyoda,crossover,4,1997,"67,487 SAR",2001,"45,789 SAR",79878,10.11,2WD,standard,Madinah,3,2,Black,individual,0
BeEmW,sedan,4,2006,"94,096 SAR",2008,"65,092 SAR",72390,9.35,4WD,standard,Dhahran,3,3,Black,individual,1
Nesshan,suv,6,1999,"73,139 SAR",2001,"50,454 SAR",101632,12.43,2WD,standard,Makkah,2,2,White,individual,0
Geep,sedan,4,1994,"86,559 SAR",1998,"46,090 SAR",183217,8.77,2WD,premium,Jeddah,3,2,Black,individual,0
Honta,sedan,8,1998,"47,803 SAR",2004,"22,586 SAR",71672,8.79,2WD,standard,Dhahran,9,3,Black,individual,0
JournalMotors,suv,4,1999,"102,395 SAR",2005,"45,962 SAR",98840,6.46,2WD,standard,Dammam,11,2,Black,individual,1
Huendae,suv,4,1999,"87,767 SAR",2000,"81,096 SAR",18644,15.55,4WD,standard,Dhahran,3,2,Silver,individual,0
Fourd,sedan,4,1999,"114,682 SAR",2005,"49,026 SAR",107158,8.53,4WD,premium,Dammam,7,3,White,individual,0
JournalMotors,sedan,6,1997,"91,858 SAR",2002,"40,737 SAR",213637,3.26,2WD,premium,Dammam,6,1,Black,individual,1
Huendae,crossover,4,1997,"56,239 SAR",2000,"38,583 SAR",33678,17.1,2WD,standard,Makkah,5,3,Red,individual,0
Wolksvagon,sedan,4,2006,"80,653 SAR",2011,"50,135 SAR",96336,18.72,4WD,standard,Dhahran,6,3,Black,company,1
Fourd,suv,4,2006,"117,620 SAR",2009,"66,372 SAR",28638,6.11,2WD,standard,Jeddah,8,1,Blue,individual,0
Fourd,sedan,4,2003,"103,447 SAR",2006,"58,375 SAR",63184,4.15,2WD,premium,Dammam,9,2,Blue,individual,0
Huendae,suv,8,1992,"63,672 SAR",2000,"18,953 SAR",141191,6.68,2WD,standard,Riyadh,5,3,Black,individual,1
JournalMotors,crossover,6,2002,"121,702 SAR",2008,"54,628 SAR",85133,5.43,2WD,premium,Riyadh,9,2,Red,individual,1
Fourd,sedan,8,2003,"73,890 SAR",2008,"38,326 SAR",94319,6.08,2WD,standard,Makkah,3,1,Black,individual,1
Nesshan,suv,4,2003,"110,836 SAR",2009,"58,188 SAR",46445,12.54,2WD,premium,Jeddah,3,2,White,individual,0
Fourd,crossover,4,1993,"101,835 SAR",1998,"45,162 SAR",105617,6.18,2WD,premium,Makkah,4,4,White,individual,1
Huendae,crossover,4,1999,"58,511 SAR",2003,"37,878 SAR",144454,20.1,2WD,standard,Makkah,3,2,Red,company,0
Huendae,sedan,4,2001,"60,875 SAR",2007,"33,221 SAR",65733,26.31,4WD,standard,Makkah,4,2,Blue,individual,1
JournalMotors,suv,8,2000,"104,443 SAR",2004,"58,393 SAR",143481,2.2,2WD,standard,Dammam,3,2,White,individual,1
Toyoda,sedan,4,1998,"57,364 SAR",2004,"34,287 SAR",113241,16.62,2WD,standard,Makkah,4,1,Black,company,1
Huendae,sedan,4,1999,"48,759 SAR",2005,"24,075 SAR",241143,16.5,2WD,standard,Madinah,11,2,Black,individual,0
Masda,crossover,8,2006,"80,653 SAR",2006,"60,973 SAR",853,4.97,4WD,standard,Dhahran,3,2,White,individual,0
Masda,sedan,4,2000,"49,734 SAR",2007,"25,849 SAR",93525,19.14,2WD,standard,Madinah,7,1,Black,individual,0
Toyoda,crossover,6,2000,"120,318 SAR",2006,"62,264 SAR",125232,7.2,4WD,premium,Makkah,10,2,Brown,individual,0
Masda,suv,4,1997,"84,359 SAR",1999,"67,894 SAR",35058,10.8,4WD,standard,Dhahran,2,1,Black,company,1
Shevy,sedan,4,1996,"64,326 SAR",2000,"32,449 SAR",48654,12.02,2WD,standard,Jeddah,7,3,Black,individual,0
Shevy,suv,4,2004,"113,052 SAR",2011,"48,329 SAR",64765,6.65,2WD,standard,Dammam,7,1,Brown,individual,0
Masda,sedan,4,2000,"59,681 SAR",2006,"30,941 SAR",276101,18.02,4WD,standard,Jeddah,6,3,Gray,company,1
Shevy,crossover,4,2007,"134,369 SAR",2011,"71,548 SAR",121783,7.85,2WD,premium,Dammam,3,3,Blue,company,0
Toyoda,suv,4,1996,"82,705 SAR",1998,"62,487 SAR",34671,10.22,2WD,standard,Makkah,9,2,Blue,individual,0
Shevy,suv,6,2003,"110,836 SAR",2009,"49,751 SAR",118439,3.95,2WD,standard,Dammam,4,1,Silver,individual,1
Fourd,crossover,4,2003,"88,668 SAR",2006,"55,594 SAR",31024,10.45,2WD,standard,Makkah,0,1,Black,individual,0
Fourd,sedan,8,1998,"66,925 SAR",2000,"41,771 SAR",40162,3.54,2WD,standard,Jeddah,8,2,White,individual,0
Toyoda,suv,4,2008,"146,846 SAR",2011,"100,310 SAR",63174,9.46,2WD,premium,Dhahran,5,2,White,individual,0
Fourd,crossover,4,2005,"92,251 SAR",2012,"43,819 SAR",125259,4.27,2WD,standard,Dhahran,3,3,Blue,company,0
Honta,sedan,8,1995,"45,046 SAR",1996,"32,352 SAR",44762,14.05,2WD,standard,Madinah,6,3,Red,company,0
Shevy,suv,4,2002,"108,662 SAR",2005,"64,383 SAR",55900,4.12,2WD,standard,Dammam,13,1,Gray,company,1
Fourd,suv,4,2006,"141,144 SAR",2011,"59,614 SAR",204044,5.89,4WD,standard,Jeddah,13,2,Black,individual,0
Toyoda,sedan,4,2005,"65,893 SAR",2006,"60,015 SAR",7398,17.02,2WD,standard,Makkah,5,3,Black,company,0
Toyoda,suv,8,1993,"77,935 SAR",1997,"52,878 SAR",29217,6.65,2WD,standard,Makkah,0,3,Gray,individual,0
BeEmW,sedan,4,2005,"76,875 SAR",2006,"58,425 SAR",18469,5.11,2WD,standard,Riyadh,0,2,Brown,company,0
Fourd,sedan,4,2006,"78,413 SAR",2008,"48,941 SAR",41243,10.82,2WD,standard,Dhahran,8,1,Red,individual,0
Shevy,sedan,6,1993,"60,616 SAR",1998,"26,882 SAR",170373,8.48,2WD,standard,Dhahran,12,2,Blue,individual,1
Toyoda,suv,4,2002,"93,139 SAR",2005,"66,804 SAR",54862,6.36,2WD,standard,Jeddah,8,3,White,individual,1
Mercetes,suv,8,2000,"104,443 SAR",2005,"46,435 SAR",94218,1.98,2WD,standard,Dammam,7,1,Red,individual,0
Huendae,sedan,4,2005,"76,875 SAR",2009,"47,147 SAR",68802,22.97,2WD,premium,Jeddah,4,3,Red,individual,0
Nesshan,crossover,4,2000,"71,618 SAR",2002,"46,935 SAR",87301,12.68,4WD,standard,Dhahran,9,2,Black,individual,0
Honta,suv,4,1999,"73,139 SAR",2000,"60,670 SAR",21239,15.06,2WD,standard,Makkah,4,4,Silver,individual,1
Shevy,crossover,4,2000,"100,265 SAR",2004,"59,008 SAR",80756,10.0,4WD,standard,Madinah,1,2,Red,individual,1
Huendae,sedan,4,2009,"59,437 SAR",2013,"42,528 SAR",78503,16.94,2WD,standard,Dhahran,2,3,White,individual,1
Masda,sedan,4,2004,"53,834 SAR",2011,"29,379 SAR",84836,15.89,2WD,standard,Dhahran,5,2,White,individual,1
Shevy,sedan,6,2002,"86,930 SAR",2006,"46,044 SAR",42888,5.3,4WD,standard,Dhahran,5,2,Black,individual,1
Shevy,crossover,8,2004,"90,442 SAR",2006,"62,721 SAR",16106,5.02,2WD,standard,Makkah,1,2,Red,individual,0
Huendae,suv,4,2006,"84,014 SAR",2014,"26,199 SAR",151632,16.15,2WD,standard,Jeddah,13,2,Silver,individual,0
Toyoda,suv,8,2003,"114,002 SAR",2009,"56,046 SAR",252977,7.58,4WD,standard,Jeddah,5,1,Silver,individual,0
Fourd,sedan,4,2005,"107,626 SAR",2011,"43,709 SAR",254938,6.81,2WD,premium,Makkah,9,1,Silver,individual,0
Huendae,sedan,4,2001,"71,021 SAR",2004,"56,846 SAR",32740,21.98,2WD,premium,Makkah,2,1,Gray,individual,1
Toyoda,sedan,4,2002,"62,093 SAR",2008,"35,346 SAR",130563,17.86,2WD,standard,Riyadh,9,2,Brown,individual,0
JournalMotors,crossover,6,2006,"94,096 SAR",2008,"58,730 SAR",47170,7.54,2WD,standard,Dammam,4,1,Black,individual,0
Masda,crossover,6,1998,"68,837 SAR",2001,"47,704 SAR",35483,13.4,4WD,standard,Makkah,3,2,Gray,individual,0
Toyoda,crossover,4,1997,"67,487 SAR",2005,"23,050 SAR",59059,17.1,2WD,standard,Riyadh,7,3,Black,individual,0
BeEmW,suv,6,1998,"100,387 SAR",2002,"56,126 SAR",186717,4.01,2WD,standard,Madinah,1,1,Silver,individual,1
JournalMotors,sedan,8,1995,"63,065 SAR",2000,"26,636 SAR",109235,4.12,2WD,standard,Jeddah,4,4,Brown,individual,0
Toyoda,sedan,4,1993,"51,956 SAR",1999,"31,054 SAR",38400,17.75,2WD,standard,Dhahran,14,2,White,individual,1
Toyoda,sedan,4,2001,"73,050 SAR",2005,"54,384 SAR",171933,17.39,4WD,standard,Dammam,3,3,Gray,individual,1
Fourd,crossover,4,1992,"85,575 SAR",1993,"58,533 SAR",22387,7.69,4WD,standard,Jeddah,6,3,White,individual,0
Shevy,suv,4,2004,"158,274 SAR",2007,"93,779 SAR",34083,5.77,2WD,premium,Jeddah,5,2,Black,individual,1
Nesshan,crossover,4,2002,"74,511 SAR",2005,"44,148 SAR",121303,11.21,4WD,standard,Dhahran,6,3,Gray,individual,0
BeEmW,suv,6,1992,"106,969 SAR",1999,"45,729 SAR",65661,3.5,4WD,standard,Riyadh,6,1,White,company,0
Nesshan,crossover,4,2003,"106,402 SAR",2009,"47,761 SAR",57144,12.98,4WD,premium,Dhahran,9,4,Blue,individual,0
Toyoda,crossover,8,2004,"77,522 SAR",2007,"50,307 SAR",104709,7.88,2WD,standard,Madinah,7,1,White,individual,0
Huendae,sedan,4,2002,"51,744 SAR",2008,"29,807 SAR",228245,18.17,2WD,standard,Makkah,3,3,Silver,individual,1
Shevy,sedan,4,2001,"71,021 SAR",2006,"28,497 SAR",240183,10.94,2WD,standard,Madinah,6,4,Silver,individual,0
BeEmW,suv,4,2007,"167,961 SAR",2014,"68,213 SAR",239761,7.9,2WD,premium,Riyadh,10,2,Gray,individual,0
Fourd,sedan,4,2005,"76,875 SAR",2012,"31,220 SAR",306234,5.55,2WD,standard,Madinah,4,2,Black,company,0
Toyoda,suv,4,2003,"95,002 SAR",2009,"44,370 SAR",237733,7.75,2WD,standard,Makkah,5,4,White,individual,0
Honta,sedan,4,1993,"43,297 SAR",1999,"22,503 SAR",125084,19.08,2WD,standard,Dhahran,8,3,Black,individual,0
Shevy,suv,4,2004,"113,052 SAR",2009,"50,262 SAR",90129,4.73,2WD,standard,Dhahran,9,2,Blue,individual,0
Toyoda,suv,4,1995,"97,300 SAR",2000,"49,748 SAR",157414,9.31,4WD,standard,Jeddah,4,3,White,individual,0
BeEmW,sedan,4,1992,"71,313 SAR",1997,"33,291 SAR",100359,12.27,4WD,standard,Jeddah,12,2,Black,individual,1
Huendae,suv,4,2002,"77,616 SAR",2011,"23,226 SAR",342022,12.25,2WD,standard,Makkah,3,3,Silver,individual,0
JournalMotors,sedan,6,2000,"69,628 SAR",2008,"18,851 SAR",321747,8.24,2WD,standard,Makkah,3,1,Gray,individual,0
Wolksvagon,suv,6,1999,"87,767 SAR",2004,"49,860 SAR",184777,9.24,2WD,standard,Makkah,3,1,Gray,individual,0
BeEmW,suv,4,1992,"106,969 SAR",1998,"43,442 SAR",210881,7.39,4WD,standard,Madinah,9,2,Blue,individual,0
Toyoda,crossover,4,2000,"71,618 SAR",2005,"40,279 SAR",215219,18.1,2WD,standard,Dhahran,6,2,White,individual,0
BeEmW,sedan,4,2006,"78,413 SAR",2007,"53,634 SAR",12255,11.05,2WD,standard,Riyadh,5,2,Silver,individual,0
Nesshan,suv,4,2000,"104,443 SAR",2003,"68,760 SAR",145163,13.5,2WD,premium,Dammam,3,3,Silver,individual,0
Honta,crossover,8,2007,"95,978 SAR",2010,"56,868 SAR",135765,7.48,2WD,premium,Dammam,5,1,Red,individual,0
Nesshan,suv,4,1994,"79,493 SAR",2001,"39,647 SAR",140803,10.38,4WD,standard,Jeddah,2,4,White,company,0
Huendae,suv,4,2005,"82,367 SAR",2010,"46,996 SAR",226254,18.79,2WD,standard,Dhahran,1,2,Red,individual,0
Toyoda,sedan,4,1991,"49,939 SAR",1997,"27,135 SAR",114401,11.24,2WD,standard,Jeddah,4,2,Black,company,1
Huendae,sedan,6,2002,"51,744 SAR",2005,"32,272 SAR",37532,13.56,2WD,standard,Riyadh,9,1,White,individual,0
JournalMotors,sedan,4,1999,"68,263 SAR",2001,"40,476 SAR",41891,5.98,2WD,standard,Jeddah,5,4,White,individual,0
Shevy,suv,4,1999,"122,874 SAR",2007,"31,517 SAR",85174,5.31,4WD,standard,Madinah,4,2,White,company,0
Masda,suv,6,2003,"79,168 SAR",2007,"46,347 SAR",95316,8.32,2WD,standard,Madinah,5,2,White,individual,1
Honta,sedan,4,1999,"58,511 SAR",2004,"35,141 SAR",90073,16.32,4WD,standard,Dammam,0,1,Blue,individual,0
Wolksvagon,sedan,4,2003,"63,334 SAR",2006,"47,589 SAR",37239,17.05,2WD,standard,Makkah,6,3,Black,company,0
Geep,suv,6,1995,"94,597 SAR",1997,"59,042 SAR",38894,3.95,2WD,standard,Dhahran,4,2,White,individual,0
Toyoda,crossover,4,2005,"94,886 SAR",2011,"46,648 SAR",235549,12.73,4WD,standard,Dammam,7,3,Blue,individual,0
Fourd,suv,8,2001,"127,838 SAR",2009,"34,429 SAR",165721,3.49,4WD,standard,Dhahran,5,2,Gray,company,1
Shevy,crossover,4,2003,"106,402 SAR",2008,"49,934 SAR",246453,4.0,4WD,standard,Madinah,2,1,Gray,individual,0
Honta,sedan,4,2002,"51,744 SAR",2008,"29,807 SAR",214165,20.62,2WD,standard,Makkah,3,1,Black,individual,1
Geep,sedan,8,2007,"79,981 SAR",2013,"34,106 SAR",72283,3.09,2WD,standard,Madinah,12,4,Red,individual,1
Toyoda,suv,4,2003,"114,002 SAR",2008,"61,355 SAR",106315,10.38,4WD,standard,Dhahran,5,2,White,individual,0
Wolksvagon,suv,4,2002,"111,767 SAR",2005,"76,157 SAR",117881,10.45,4WD,standard,Dammam,5,3,Black,individual,1
Huendae,suv,8,1999,"73,139 SAR",2006,"32,830 SAR",126762,6.78,2WD,standard,Riyadh,6,4,White,individual,0
Toyoda,suv,4,2003,"133,003 SAR",2008,"83,512 SAR",98360,13.47,2WD,premium,Madinah,3,1,Gray,individual,1
Toyoda,crossover,6,2005,"79,072 SAR",2006,"65,307 SAR",34554,13.71,2WD,standard,Makkah,8,1,Silver,individual,1
Huendae,suv,4,2000,"89,522 SAR",2003,"58,347 SAR",132046,16.33,4WD,standard,Makkah,11,1,Black,individual,0
Toyoda,sedan,4,2001,"60,875 SAR",2008,"29,927 SAR",301740,14.11,2WD,standard,Dammam,9,2,Red,individual,0
Toyoda,sedan,6,2005,"92,251 SAR",2010,"47,167 SAR",194747,13.79,2WD,premium,Dhahran,4,1,Gray,individual,0
Honta,suv,6,2002,"77,616 SAR",2005,"53,787 SAR",32615,10.78,2WD,standard,Dammam,3,2,Gray,company,0
Fourd,suv,8,2002,"108,662 SAR",2005,"68,131 SAR",61019,3.35,2WD,standard,Makkah,3,3,White,company,0
Shevy,sedan,4,2003,"73,890 SAR",2007,"41,415 SAR",36176,6.09,2WD,standard,Riyadh,2,2,Gray,individual,0
BeEmW,sedan,4,1998,"80,310 SAR",2003,"35,705 SAR",51970,11.11,4WD,standard,Madinah,7,2,Gray,individual,0
Shevy,crossover,8,1996,"129,682 SAR",2003,"52,667 SAR",245126,3.92,4WD,premium,Riyadh,5,2,White,individual,0
Fourd,sedan,4,2008,"137,056 SAR",2015,"58,444 SAR",226876,9.94,4WD,premium,Dhahran,8,2,White,individual,1
Fourd,suv,6,2005,"193,727 SAR",2008,"127,540 SAR",56784,4.5,4WD,premium,Jeddah,2,2,Silver,individual,1
Fourd,suv,6,2001,"106,532 SAR",2003,"66,491 SAR",47486,3.81,2WD,standard,Jeddah,4,1,White,company,0
Geep,sedan,4,2006,"94,096 SAR",2009,"47,788 SAR",159628,12.62,4WD,standard,Makkah,6,2,Red,individual,0
JournalMotors,sedan,4,2003,"88,668 SAR",2008,"41,392 SAR",51767,4.98,4WD,standard,Jeddah,9,2,Silver,individual,1
Masda,sedan,4,1997,"46,866 SAR",2000,"27,768 SAR",107646,12.62,2WD,standard,Jeddah,5,2,Gray,individual,0
Shevy,crossover,6,1997,"78,735 SAR",2002,"40,839 SAR",82012,5.49,2WD,standard,Jeddah,2,1,Gray,individual,1
Shevy,suv,4,1994,"129,839 SAR",1999,"54,840 SAR",196749,6.85,2WD,premium,Dhahran,4,2,White,company,0
Shevy,sedan,4,1993,"72,739 SAR",1999,"29,541 SAR",246239,10.91,4WD,standard,Dhahran,6,1,Black,individual,0
Shevy,suv,4,2008,"171,320 SAR",2012,"86,422 SAR",90405,5.61,2WD,premium,Dhahran,9,3,Brown,individual,0
Huendae,sedan,4,2002,"51,744 SAR",2007,"29,368 SAR",45937,22.22,2WD,standard,Dhahran,7,1,Black,individual,1
Masda,suv,4,1996,"68,921 SAR",2000,"40,156 SAR",152479,15.31,2WD,standard,Makkah,10,2,Blue,individual,0
Shevy,sedan,4,2004,"75,368 SAR",2008,"39,920 SAR",75832,9.85,2WD,standard,Jeddah,4,3,White,company,1
Toyoda,sedan,6,1997,"67,487 SAR",2003,"40,745 SAR",126727,12.89,4WD,standard,Makkah,2,1,Blue,individual,1
Fourd,suv,4,2000,"125,332 SAR",2002,"78,225 SAR",40064,3.29,4WD,standard,Dhahran,5,2,White,individual,0
Toyoda,suv,8,2006,"100,817 SAR",2006,"78,885 SAR",1008,6.46,2WD,standard,Dhahran,4,2,Black,individual,1
Honta,sedan,6,1991,"41,616 SAR",1995,"25,523 SAR",45988,17.49,2WD,standard,Jeddah,12,3,White,individual,0
Nesshan,suv,8,2002,"93,139 SAR",2007,"45,768 SAR",119147,8.64,4WD,standard,Madinah,9,3,Silver,individual,0
Nesshan,sedan,8,1995,"54,055 SAR",2000,"27,890 SAR",94669,9.49,4WD,standard,Riyadh,7,1,Black,individual,1
Toyoda,suv,8,1996,"99,246 SAR",1997,"91,306 SAR",9995,6.32,4WD,standard,Makkah,2,3,Gray,individual,0
Huendae,suv,4,2003,"95,002 SAR",2007,"52,968 SAR",27824,14.97,4WD,standard,Makkah,7,2,Silver,individual,0
Toyoda,suv,4,1997,"84,359 SAR",2002,"47,924 SAR",239928,10.64,2WD,standard,Madinah,1,2,Silver,individual,0
Fourd,suv,6,1998,"140,542 SAR",2007,"36,049 SAR",72759,6.16,2WD,premium,Madinah,7,3,Silver,individual,0
Masda,sedan,4,2003,"52,779 SAR",2009,"24,875 SAR",105775,14.78,2WD,standard,Madinah,6,4,Brown,individual,1
Fourd,suv,4,2001,"106,532 SAR",2008,"45,542 SAR",133225,6.2,2WD,standard,Dammam,13,3,Silver,individual,0
Toyoda,suv,4,2006,"100,817 SAR",2010,"64,984 SAR",157578,7.83,2WD,standard,Dammam,2,1,Gray,individual,0
Toyoda,suv,4,2007,"123,400 SAR",2013,"63,859 SAR",57376,10.19,4WD,standard,Madinah,4,3,Gray,individual,0
Shevy,crossover,4,2002,"86,930 SAR",2006,"43,851 SAR",33044,8.0,2WD,standard,Jeddah,4,2,Blue,individual,0
Fourd,suv,4,1997,"137,787 SAR",1999,"85,784 SAR",79802,5.8,2WD,premium,Jeddah,4,2,Gray,company,1
Honta,crossover,8,2004,"64,601 SAR",2008,"40,020 SAR",81812,9.28,2WD,standard,Dhahran,0,2,Silver,company,0
Shevy,sedan,4,2000,"69,628 SAR",2003,"39,291 SAR",20287,6.74,2WD,standard,Madinah,11,2,Black,individual,0
JournalMotors,sedan,4,1991,"58,262 SAR",1994,"32,877 SAR",65244,10.18,2WD,standard,Madinah,14,1,Silver,individual,0
Fourd,sedan,4,2006,"94,096 SAR",2013,"40,226 SAR",140375,5.39,4WD,standard,Madinah,6,1,Black,individual,0
JournalMotors,crossover,4,2004,"90,442 SAR",2009,"42,444 SAR",248555,7.94,2WD,standard,Madinah,3,1,Black,individual,0
Fourd,crossover,6,2003,"88,668 SAR",2005,"61,491 SAR",40184,5.3,2WD,standard,Madinah,3,3,Gray,individual,0
Masda,crossover,4,2004,"77,522 SAR",2007,"45,932 SAR",124508,14.71,4WD,standard,Dhahran,5,2,Black,individual,0
Honta,suv,4,2003,"95,002 SAR",2006,"62,215 SAR",50812,11.07,4WD,standard,Dammam,5,2,Black,individual,1
Masda,suv,4,2005,"138,376 SAR",2013,"43,588 SAR",79013,14.66,4WD,premium,Dhahran,3,3,Red,individual,0
Wolksvagon,suv,6,1999,"87,767 SAR",2007,"27,251 SAR",180576,4.9,2WD,standard,Makkah,9,3,Red,individual,0
Fourd,suv,8,1998,"100,387 SAR",2002,"48,108 SAR",150789,3.33,2WD,standard,Jeddah,4,3,Brown,individual,0
Fourd,suv,8,1991,"104,872 SAR",1998,"42,591 SAR",237664,3.3,4WD,standard,Makkah,6,3,Black,individual,0
Fourd,suv,4,1996,"135,085 SAR",1998,"84,313 SAR",26917,4.52,2WD,premium,Madinah,13,1,Silver,individual,0
Toyoda,sedan,4,2003,"63,334 SAR",2003,"47,196 SAR",693,13.0,2WD,standard,Dammam,6,2,Black,individual,0
JournalMotors,sedan,6,2005,"76,875 SAR",2007,"47,981 SAR",33553,3.68,2WD,standard,Dammam,8,2,Red,individual,0
Honta,suv,4,2005,"138,376 SAR",2011,"71,920 SAR",44102,17.9,4WD,premium,Madinah,13,2,Black,individual,0
Masda,suv,4,2000,"74,602 SAR",2004,"50,837 SAR",41736,15.07,2WD,standard,Madinah,2,3,Gray,individual,0
Fourd,sedan,4,1995,"63,065 SAR",1998,"35,587 SAR",29161,10.08,2WD,standard,Dammam,4,3,White,individual,0
Fourd,suv,6,1999,"143,353 SAR",2002,"84,938 SAR",25736,4.33,2WD,premium,Makkah,7,2,White,individual,1
Fourd,suv,8,2005,"115,313 SAR",2005,"70,986 SAR",1012,4.13,2WD,standard,Madinah,12,3,Gray,individual,0
Geep,crossover,6,1999,"81,916 SAR",2005,"36,770 SAR",51318,5.18,2WD,standard,Madinah,10,2,White,individual,1
Shevy,sedan,4,1996,"77,191 SAR",2001,"34,233 SAR",247951,9.88,4WD,standard,Dammam,5,1,Black,individual,1
Shevy,suv,4,1996,"115,787 SAR",2001,"57,198 SAR",40781,4.1,4WD,standard,Dammam,3,3,Gray,individual,0
Honta,crossover,8,2008,"117,477 SAR",2010,"85,093 SAR",35435,7.72,4WD,premium,Jeddah,4,3,Silver,individual,1
Shevy,sedan,6,1993,"60,616 SAR",2002,"15,548 SAR",178155,8.35,2WD,standard,Dhahran,4,3,Gray,individual,0
Masda,suv,8,1996,"68,921 SAR",1999,"45,135 SAR",36429,7.15,2WD,standard,Jeddah,7,2,Blue,company,1
Fourd,suv,4,2004,"135,663 SAR",2006,"93,847 SAR",74993,6.13,4WD,standard,Jeddah,0,2,Silver,company,1
Huendae,sedan,6,2006,"67,211 SAR",2009,"41,919 SAR",63788,13.84,4WD,standard,Madinah,5,1,Black,company,0
Shevy,crossover,8,1992,"71,313 SAR",1996,"35,973 SAR",45174,3.05,2WD,standard,Riyadh,8,2,Red,individual,0
Toyoda,sedan,6,2002,"62,093 SAR",2008,"30,526 SAR",200891,12.15,2WD,standard,Jeddah,6,3,Red,individual,0
Fourd,suv,4,1999,"143,353 SAR",2005,"68,092 SAR",64124,4.69,2WD,premium,Jeddah,3,2,Black,company,0
Toyoda,crossover,4,1996,"66,164 SAR",2000,"38,382 SAR",149218,13.82,2WD,standard,Madinah,4,2,Blue,individual,0
Honta,sedan,4,2008,"58,272 SAR",2013,"33,248 SAR",55490,18.6,2WD,standard,Jeddah,3,4,Black,individual,0
Fourd,crossover,8,2001,"85,225 SAR",2006,"39,996 SAR",235915,2.97,2WD,standard,Riyadh,2,2,Gray,individual,0
Huendae,sedan,8,2003,"52,779 SAR",2003,"35,910 SAR",713,11.61,2WD,standard,Riyadh,10,2,Red,individual,0
Nesshan,suv,6,1994,"66,244 SAR",1995,"50,080 SAR",11092,10.65,2WD,standard,Madinah,7,1,White,individual,0
Honta,suv,4,1994,"66,244 SAR",1999,"36,169 SAR",60177,13.97,2WD,standard,Dhahran,3,2,Gray,individual,0
Masda,sedan,6,1995,"54,055 SAR",1998,"38,939 SAR",57840,17.01,4WD,standard,Jeddah,9,2,Gray,individual,1
Toyoda,sedan,4,2000,"71,618 SAR",2002,"59,522 SAR",34768,18.3,4WD,standard,Dhahran,10,3,Silver,individual,0
Nesshan,suv,4,2001,"106,532 SAR",2005,"62,366 SAR",73445,14.26,2WD,premium,Dhahran,4,3,White,company,1
Masda,suv,4,2003,"79,168 SAR",2008,"38,805 SAR",184893,9.73,2WD,standard,Madinah,7,3,Gray,individual,1
Honta,crossover,8,2001,"73,050 SAR",2003,"50,393 SAR",39143,14.13,4WD,standard,Riyadh,7,2,Red,individual,0
Honta,sedan,4,1999,"48,759 SAR",2001,"37,000 SAR",46809,21.82,2WD,standard,Dhahran,6,1,Gray,individual,0
Mercetes,suv,4,2005,"115,313 SAR",2008,"65,071 SAR",29322,5.61,2WD,standard,Dhahran,7,1,White,company,0
Toyoda,sedan,4,2004,"64,601 SAR",2009,"40,369 SAR",219822,15.46,2WD,standard,Dammam,1,2,Silver,individual,0
Toyoda,suv,4,2004,"96,902 SAR",2012,"30,088 SAR",175379,12.45,2WD,standard,Dhahran,6,2,Black,individual,0
Honta,sedan,4,2002,"86,930 SAR",2008,"52,712 SAR",126365,23.84,4WD,premium,Jeddah,0,3,Black,company,1
Toyoda,suv,4,1991,"89,890 SAR",1993,"71,689 SAR",87034,9.67,4WD,standard,Dammam,1,2,White,individual,0
Huendae,suv,4,2004,"80,752 SAR",2009,"46,074 SAR",241827,18.47,2WD,standard,Jeddah,1,3,Black,individual,0
JournalMotors,sedan,8,1996,"64,326 SAR",1999,"40,332 SAR",34125,7.73,2WD,standard,Dhahran,3,2,Blue,individual,0
Huendae,crossover,4,2008,"117,477 SAR",2014,"61,058 SAR",73033,22.57,4WD,premium,Makkah,12,1,Brown,individual,0
JournalMotors,crossover,4,2005,"154,982 SAR",2011,"62,942 SAR",280433,7.66,4WD,premium,Dhahran,7,2,Silver,individual,0
Toyoda,sedan,4,2002,"62,093 SAR",2003,"59,382 SAR",19130,16.06,2WD,standard,Madinah,5,1,Silver,company,1
Toyoda,crossover,4,1991,"71,912 SAR",1994,"46,666 SAR",125822,12.88,4WD,standard,Makkah,5,2,White,individual,0
Honta,sedan,4,1995,"63,065 SAR",1998,"43,267 SAR",58851,16.99,2WD,premium,Madinah,8,2,White,company,0
JournalMotors,suv,8,1995,"158,924 SAR",2002,"67,940 SAR",58988,3.55,4WD,premium,Dhahran,9,2,Blue,individual,0
Mercetes,sedan,4,2000,"69,628 SAR",2003,"39,291 SAR",42103,8.9,2WD,standard,Jeddah,7,1,Black,individual,0
Nesshan,suv,8,2000,"89,522 SAR",2003,"53,043 SAR",142864,9.17,4WD,standard,Jeddah,6,2,Black,individual,0
JournalMotors,sedan,4,2005,"129,151 SAR",2007,"80,609 SAR",16555,10.45,4WD,premium,Madinah,9,2,Gray,company,0
Fourd,suv,6,2007,"143,967 SAR",2012,"60,807 SAR",167777,5.68,4WD,standard,Jeddah,12,2,Black,company,0
Shevy,suv,4,1993,"109,109 SAR",1997,"52,288 SAR",186921,4.56,4WD,standard,Makkah,8,1,White,individual,0
Mercetes,sedan,4,2002,"72,441 SAR",2008,"36,129 SAR",122964,9.28,2WD,standard,Makkah,2,3,Silver,individual,1
Shevy,sedan,4,1995,"88,291 SAR",1998,"47,331 SAR",135528,7.31,2WD,premium,Makkah,9,2,White,company,0
JournalMotors,sedan,4,2003,"103,447 SAR",2008,"45,992 SAR",53421,5.92,2WD,premium,Riyadh,9,2,Black,individual,0
Shevy,sedan,4,2005,"76,875 SAR",2014,"18,732 SAR",352405,7.22,2WD,standard,Makkah,7,3,Blue,individual,0
Toyoda,suv,8,2005,"98,840 SAR",2010,"59,106 SAR",54435,6.8,2WD,standard,Makkah,2,1,Gray,individual,0
Shevy,sedan,4,1993,"60,616 SAR",1998,"27,024 SAR",180439,10.9,2WD,standard,Riyadh,2,4,Gray,individual,0
Shevy,crossover,4,2002,"86,930 SAR",2006,"46,044 SAR",43577,6.46,2WD,standard,Riyadh,6,2,Silver,individual,1
Masda,crossover,4,2008,"97,897 SAR",2013,"47,986 SAR",170165,11.47,2WD,premium,Dammam,4,1,Black,individual,1
Fourd,suv,6,2002,"130,395 SAR",2010,"33,446 SAR",90213,2.64,4WD,standard,Riyadh,4,3,Red,individual,0
Shevy,sedan,4,2003,"88,668 SAR",2005,"61,491 SAR",43970,7.53,4WD,standard,Riyadh,3,1,Black,individual,0
Fourd,crossover,4,2002,"86,930 SAR",2006,"43,851 SAR",74810,4.25,2WD,standard,Jeddah,4,2,Black,company,0
Wolksvagon,crossover,4,2002,"104,316 SAR",2010,"37,608 SAR",361366,16.2,2WD,premium,Madinah,3,2,Black,individual,0
Huendae,crossover,4,1999,"58,511 SAR",2001,"49,333 SAR",45739,19.07,2WD,standard,Dhahran,3,2,Gray,individual,0
JournalMotors,suv,4,2000,"125,332 SAR",2003,"70,724 SAR",42845,6.21,4WD,standard,Dhahran,8,2,Silver,individual,0
Toyoda,sedan,6,2005,"79,072 SAR",2010,"42,556 SAR",110003,11.82,4WD,standard,Dhahran,8,1,White,individual,0
Honta,sedan,4,2002,"51,744 SAR",2004,"39,265 SAR",20394,25.63,2WD,standard,Dammam,5,2,Silver,individual,0
Wolksvagon,suv,4,1994,"79,493 SAR",1998,"48,542 SAR",81971,8.82,2WD,standard,Jeddah,14,2,Silver,individual,0
Toyoda,sedan,6,2004,"64,601 SAR",2008,"39,448 SAR",47330,11.48,2WD,standard,Madinah,7,2,Black,individual,0
Mercetes,suv,4,2001,"149,145 SAR",2002,"119,017 SAR",22482,4.86,2WD,premium,Dhahran,0,2,Silver,company,1
Toyoda,suv,4,2006,"120,980 SAR",2010,"81,264 SAR",43101,15.93,4WD,standard,Dammam,5,1,White,company,0
Honta,sedan,4,2000,"49,734 SAR",2007,"27,217 SAR",290409,24.98,2WD,standard,Madinah,2,4,Black,individual,1
JournalMotors,suv,8,2005,"138,376 SAR",2009,"73,681 SAR",126058,2.4,4WD,standard,Dammam,1,1,White,individual,0
Honta,crossover,6,1998,"96,372 SAR",1999,"72,857 SAR",22755,13.07,4WD,premium,Dammam,4,2,Black,individual,0
Huendae,sedan,4,1999,"68,263 SAR",2005,"37,450 SAR",237912,21.64,2WD,premium,Dammam,2,2,White,individual,0
Masda,suv,4,2003,"95,002 SAR",2009,"44,776 SAR",279717,8.25,4WD,standard,Madinah,5,2,Silver,individual,1
Shevy,suv,4,2005,"115,313 SAR",2011,"57,512 SAR",80347,5.79,2WD,standard,Dammam,3,3,White,individual,1
Geep,sedan,6,2007,"79,981 SAR",2011,"42,587 SAR",191311,5.61,2WD,standard,Makkah,0,3,Red,company,0
Fourd,suv,4,2005,"115,313 SAR",2011,"49,296 SAR",54455,6.18,2WD,standard,Riyadh,4,2,Silver,individual,0
Huendae,sedan,4,2000,"49,734 SAR",2003,"32,414 SAR",23654,21.08,2WD,standard,Jeddah,8,4,Gray,individual,0
Toyoda,suv,4,2003,"159,604 SAR",2007,"97,462 SAR",89636,9.22,4WD,premium,Makkah,4,2,Black,company,0
Huendae,crossover,4,2006,"67,211 SAR",2010,"37,473 SAR",81059,12.71,2WD,standard,Madinah,11,2,White,individual,0
Honta,sedan,4,2005,"54,911 SAR",2009,"31,993 SAR",49273,19.81,2WD,standard,Riyadh,4,4,Gray,individual,0
Shevy,sedan,4,2003,"73,890 SAR",2006,"41,696 SAR",26600,9.11,2WD,standard,Makkah,4,3,Silver,individual,0
Wolksvagon,suv,4,1993,"77,935 SAR",1998,"44,041 SAR",94910,13.01,2WD,standard,Dhahran,11,3,Brown,individual,1
Fourd,crossover,4,2002,"86,930 SAR",2005,"49,054 SAR",67398,5.13,2WD,standard,Dammam,7,2,Red,individual,0
Shevy,suv,4,1993,"90,924 SAR",1996,"51,308 SAR",65513,6.29,2WD,standard,Dhahran,4,1,Gray,individual,0
JournalMotors,sedan,4,2006,"78,413 SAR",2013,"39,108 SAR",106468,6.21,2WD,standard,Riyadh,1,2,Red,company,1
Toyoda,sedan,4,2004,"64,601 SAR",2008,"39,448 SAR",79623,12.18,2WD,standard,Makkah,4,2,Gray,individual,0
Fourd,crossover,6,1995,"75,678 SAR",1997,"49,858 SAR",78747,3.04,2WD,standard,Madinah,1,3,Red,individual,0
Nesshan,sedan,8,2002,"51,744 SAR",2010,"17,114 SAR",152498,14.85,2WD,standard,Riyadh,3,2,Gray,individual,1
Fourd,sedan,4,2002,"72,441 SAR",2007,"33,996 SAR",89494,10.88,2WD,standard,Riyadh,1,4,White,individual,0
JournalMotors,sedan,4,2005,"92,251 SAR",2008,"60,733 SAR",18931,10.88,4WD,standard,Riyadh,1,3,Gray,individual,1
BeEmW,suv,4,2004,"113,052 SAR",2012,"28,997 SAR",159144,6.49,2WD,standard,Dammam,10,3,Silver,individual,0
Huendae,crossover,4,2005,"65,893 SAR",2009,"36,472 SAR",158704,16.04,2WD,standard,Jeddah,9,4,White,individual,0
Nesshan,suv,6,2002,"77,616 SAR",2011,"20,903 SAR",370341,10.99,2WD,standard,Madinah,8,2,Black,company,0
Honta,crossover,6,2002,"86,930 SAR",2007,"47,463 SAR",42307,13.81,2WD,premium,Riyadh,3,2,Gray,individual,0
JournalMotors,sedan,4,1998,"66,925 SAR",2004,"27,179 SAR",240280,8.81,2WD,standard,Dhahran,7,3,Blue,individual,0
Honta,sedan,4,2001,"60,875 SAR",2005,"37,438 SAR",194647,20.51,4WD,standard,Makkah,2,4,Black,individual,0
Honta,crossover,4,2004,"108,530 SAR",2009,"55,998 SAR",107726,13.4,4WD,premium,Riyadh,9,3,Blue,company,1
JournalMotors,sedan,4,2006,"109,778 SAR",2012,"46,812 SAR",269230,9.8,2WD,premium,Makkah,4,1,Silver,company,1
Toyoda,suv,6,2005,"98,840 SAR",2010,"59,106 SAR",39801,7.79,2WD,standard,Riyadh,3,3,Black,individual,0
Shevy,sedan,8,1996,"108,068 SAR",2002,"46,199 SAR",81282,6.21,4WD,premium,Dhahran,4,1,Black,individual,0
Shevy,sedan,8,2003,"73,890 SAR",2005,"46,118 SAR",40102,6.57,2WD,standard,Riyadh,8,2,Silver,individual,0
JournalMotors,suv,4,2000,"146,220 SAR",2004,"73,760 SAR",25241,7.8,2WD,premium,Dhahran,9,3,Black,individual,0
Shevy,suv,6,2007,"143,967 SAR",2012,"67,208 SAR",112275,3.45,4WD,standard,Jeddah,4,3,Gray,individual,1
Shevy,suv,4,2002,"108,662 SAR",2006,"52,073 SAR",164805,4.39,2WD,standard,Riyadh,4,3,Black,individual,0
Wolksvagon,suv,6,2004,"135,663 SAR",2005,"124,809 SAR",10278,8.36,2WD,premium,Madinah,1,2,Gray,individual,0
Toyoda,suv,4,1997,"101,231 SAR",2005,"31,353 SAR",89512,11.83,4WD,standard,Riyadh,4,4,Silver,individual,1
JournalMotors,crossover,6,1998,"80,310 SAR",2002,"38,486 SAR",161252,5.38,2WD,standard,Dammam,9,1,Gray,individual,0
Shevy,suv,4,2003,"133,003 SAR",2006,"83,184 SAR",129021,3.81,4WD,standard,Dhahran,3,3,White,company,1
Toyoda,crossover,4,1999,"84,256 SAR",2005,"53,291 SAR",102954,15.92,4WD,standard,Riyadh,2,3,White,individual,0
Toyoda,sedan,4,1998,"57,364 SAR",2004,"31,170 SAR",68001,13.75,2WD,standard,Riyadh,5,3,Silver,individual,1
Honta,crossover,6,1998,"57,364 SAR",2002,"35,536 SAR",36676,13.15,2WD,standard,Dhahran,2,2,White,individual,0
Huendae,sedan,4,2000,"49,734 SAR",2008,"14,734 SAR",330957,22.59,2WD,standard,Madinah,11,3,Blue,individual,0
Honta,crossover,6,2007,"95,978 SAR",2009,"77,245 SAR",20674,13.04,2WD,premium,Riyadh,1,3,Gray,company,1
Honta,suv,4,2001,"76,094 SAR",2001,"56,951 SAR",944,18.03,2WD,standard,Riyadh,9,2,Brown,individual,0
Mercetes,suv,4,2001,"106,532 SAR",2007,"43,265 SAR",293867,6.18,2WD,standard,Madinah,6,2,White,company,0
Toyoda,suv,4,2003,"95,002 SAR",2006,"68,140 SAR",57820,10.98,2WD,standard,Madinah,5,3,Red,individual,1
Shevy,suv,4,2002,"130,395 SAR",2008,"65,034 SAR",122313,5.49,4WD,standard,Dhahran,3,1,Blue,individual,1
Huendae,suv,4,2001,"76,094 SAR",2009,"22,543 SAR",377587,16.25,2WD,standard,Riyadh,10,2,Red,individual,0
Shevy,suv,6,2006,"141,144 SAR",2007,"96,301 SAR",36207,3.15,4WD,standard,Jeddah,4,3,Red,individual,1
Toyoda,crossover,8,2005,"94,886 SAR",2010,"48,514 SAR",42081,7.19,4WD,standard,Riyadh,13,4,Black,individual,0
Masda,suv,6,1999,"73,139 SAR",2004,"35,940 SAR",94357,11.97,2WD,standard,Dammam,7,2,Silver,individual,0
Honta,suv,8,2005,"82,367 SAR",2013,"23,351 SAR",143882,8.1,2WD,standard,Riyadh,7,3,Red,individual,0
Toyoda,crossover,4,2003,"91,202 SAR",2006,"68,530 SAR",61411,17.1,4WD,standard,Dammam,10,2,White,individual,0
Honta,crossover,8,2007,"68,555 SAR",2010,"47,508 SAR",62334,10.66,2WD,standard,Jeddah,2,2,Black,company,0
Toyoda,sedan,4,2007,"68,555 SAR",2007,"56,195 SAR",747,21.5,2WD,standard,Riyadh,7,3,Silver,individual,0
Honta,sedan,4,2003,"73,890 SAR",2005,"50,603 SAR",94842,16.94,2WD,premium,Riyadh,12,4,Silver,individual,0
Wolksvagon,sedan,6,2002,"62,093 SAR",2005,"42,415 SAR",32224,11.24,2WD,standard,Jeddah,5,1,Gray,individual,0
Honta,suv,4,2002,"77,616 SAR",2005,"48,409 SAR",63268,14.26,2WD,standard,Makkah,8,2,Silver,company,0
Huendae,sedan,6,2003,"63,334 SAR",2004,"47,533 SAR",42208,15.31,4WD,standard,Madinah,4,4,Blue,company,0
Huendae,sedan,4,2007,"57,129 SAR",2015,"17,815 SAR",161024,17.07,2WD,standard,Riyadh,5,2,Black,individual,0
Huendae,sedan,4,2003,"88,668 SAR",2006,"61,446 SAR",55799,13.95,4WD,premium,Dhahran,2,1,Red,company,0
Mercetes,sedan,6,1997,"65,612 SAR",2003,"31,165 SAR",115529,8.9,2WD,standard,Dammam,3,2,Black,company,0
Huendae,crossover,4,2004,"77,522 SAR",2012,"24,175 SAR",63146,17.64,4WD,standard,Makkah,5,1,Blue,individual,0
Toyoda,sedan,4,2006,"80,653 SAR",2011,"47,748 SAR",59907,18.44,4WD,standard,Dhahran,9,1,Gray,individual,0
Shevy,suv,6,1995,"94,597 SAR",2000,"42,057 SAR",93236,3.63,2WD,standard,Makkah,6,3,Gray,individual,0
JournalMotors,sedan,8,1997,"65,612 SAR",2000,"37,024 SAR",26658,4.05,2WD,standard,Riyadh,13,2,Red,individual,0
Honta,sedan,4,2005,"54,911 SAR",2014,"17,123 SAR",174377,23.42,2WD,standard,Dammam,5,2,White,company,0
Honta,suv,4,1995,"81,083 SAR",1997,"68,365 SAR",33440,15.16,4WD,standard,Riyadh,3,1,Gray,individual,0
JournalMotors,crossover,4,2008,"97,897 SAR",2012,"54,734 SAR",75587,10.51,2WD,standard,Jeddah,0,4,Silver,individual,1
Wolksvagon,sedan,4,2002,"74,511 SAR",2006,"40,950 SAR",211270,9.78,4WD,standard,Dhahran,5,3,Black,individual,0
Wolksvagon,suv,4,2002,"93,139 SAR",2002,"77,119 SAR",1310,9.3,2WD,standard,Dammam,3,1,Silver,individual,0
Shevy,crossover,8,1994,"103,871 SAR",1998,"52,397 SAR",27409,3.63,2WD,premium,Dammam,12,3,White,individual,0
BeEmW,sedan,6,1996,"77,191 SAR",2001,"34,319 SAR",89489,4.39,4WD,standard,Dammam,4,1,White,company,0
Honta,sedan,4,2002,"51,744 SAR",2009,"28,238 SAR",116973,20.59,2WD,standard,Makkah,6,2,Silver,individual,1
Nesshan,sedan,8,2004,"53,834 SAR",2005,"40,698 SAR",23792,12.75,2WD,standard,Madinah,8,1,White,individual,0
BeEmW,suv,8,1999,"102,395 SAR",2003,"57,392 SAR",33965,3.49,2WD,standard,Dammam,1,1,Gray,company,0
Masda,crossover,4,2004,"64,601 SAR",2009,"33,424 SAR",224679,12.85,2WD,standard,Dhahran,3,4,Blue,individual,1
Toyoda,sedan,4,2001,"85,225 SAR",2005,"57,246 SAR",43282,16.51,2WD,premium,Riyadh,11,2,Gray,individual,0
Toyoda,sedan,4,1996,"66,164 SAR",1999,"52,478 SAR",138779,15.7,4WD,standard,Jeddah,3,1,Gray,company,0
Toyoda,sedan,6,1996,"55,136 SAR",1999,"46,033 SAR",38105,16.84,2WD,standard,Jeddah,2,2,Silver,individual,0
Mercetes,suv,4,2005,"115,313 SAR",2011,"49,296 SAR",115540,4.91,2WD,standard,Makkah,7,1,Black,individual,0
JournalMotors,sedan,6,1994,"61,828 SAR",1997,"34,889 SAR",60516,9.81,2WD,standard,Madinah,4,2,Gray,individual,0
Honta,suv,8,1999,"73,139 SAR",2002,"47,897 SAR",59478,8.46,2WD,standard,Jeddah,5,2,White,individual,1
Toyoda,sedan,8,1997,"56,239 SAR",2005,"18,432 SAR",286297,10.15,2WD,standard,Riyadh,3,2,Silver,individual,0
Huendae,suv,4,2006,"84,014 SAR",2012,"39,696 SAR",38262,9.64,2WD,standard,Dhahran,10,2,White,individual,0
JournalMotors,sedan,4,2008,"81,581 SAR",2011,"46,036 SAR",56811,6.43,2WD,standard,Riyadh,6,2,Gray,individual,0
Mercetes,sedan,6,2002,"86,930 SAR",2005,"57,230 SAR",60980,6.85,4WD,standard,Madinah,3,1,Black,individual,1
Shevy,sedan,4,2001,"71,021 SAR",2004,"46,756 SAR",45749,4.76,2WD,standard,Madinah,3,1,Blue,individual,1
Geep,sedan,4,2000,"83,554 SAR",2003,"44,792 SAR",31001,6.46,4WD,standard,Makkah,9,4,Gray,individual,0
Huendae,sedan,4,2002,"51,744 SAR",2004,"39,265 SAR",43936,24.18,2WD,standard,Makkah,6,3,Silver,individual,0
Shevy,suv,4,2003,"110,836 SAR",2008,"49,277 SAR",49311,5.19,2WD,standard,Makkah,5,2,Blue,company,0
Huendae,suv,4,2004,"80,752 SAR",2010,"38,155 SAR",96347,12.25,2WD,standard,Jeddah,5,1,Gray,individual,0
Masda,sedan,4,2005,"76,875 SAR",2012,"39,855 SAR",221835,23.12,2WD,premium,Madinah,8,2,Black,individual,1
Nesshan,sedan,8,1997,"78,735 SAR",2004,"37,109 SAR",329493,9.71,4WD,premium,Madinah,7,3,Black,individual,1
Honta,sedan,8,1998,"47,803 SAR",2002,"26,652 SAR",81309,11.73,2WD,standard,Riyadh,5,2,Blue,individual,0
Honta,suv,4,2005,"98,840 SAR",2008,"71,578 SAR",134616,15.18,4WD,standard,Riyadh,1,2,Gray,individual,0
JournalMotors,suv,8,2001,"106,532 SAR",2003,"73,879 SAR",42837,4.67,2WD,standard,Makkah,3,3,Silver,individual,0
Huendae,suv,4,2007,"85,694 SAR",2016,"23,079 SAR",297405,8.38,2WD,standard,Jeddah,4,1,Gray,individual,0
Huendae,sedan,6,2006,"56,009 SAR",2011,"27,522 SAR",102344,14.74,2WD,standard,Makkah,4,2,White,individual,0
Toyoda,crossover,4,2000,"71,618 SAR",2005,"36,617 SAR",210342,14.28,2WD,standard,Dammam,7,3,Blue,individual,0
Honta,suv,6,1999,"73,139 SAR",2003,"38,739 SAR",36152,14.24,2WD,standard,Makkah,4,4,Silver,individual,0
Shevy,sedan,4,2006,"78,413 SAR",2010,"43,950 SAR",77168,8.7,2WD,standard,Riyadh,2,1,Silver,individual,0
JournalMotors,sedan,4,1998,"80,310 SAR",2003,"37,491 SAR",86838,11.94,4WD,standard,Dhahran,10,2,White,individual,1
Masda,suv,4,2008,"122,372 SAR",2009,"97,652 SAR",22210,12.56,2WD,premium,Madinah,2,4,Blue,individual,0
Toyoda,sedan,4,2000,"59,681 SAR",2003,"44,844 SAR",66493,18.85,2WD,standard,Riyadh,6,1,Red,company,0
Honta,sedan,4,1999,"48,759 SAR",2001,"38,850 SAR",45732,26.47,2WD,standard,Riyadh,13,3,Black,individual,1
Nesshan,sedan,4,2003,"63,334 SAR",2006,"37,526 SAR",29334,13.91,4WD,standard,Dammam,12,4,White,company,0
Huendae,sedan,6,1996,"45,947 SAR",2000,"24,336 SAR",190443,13.84,2WD,standard,Riyadh,5,2,Silver,company,0
Toyoda,sedan,4,2000,"59,681 SAR",2007,"30,884 SAR",72555,11.85,2WD,standard,Madinah,5,3,White,individual,0
JournalMotors,crossover,6,2001,"143,179 SAR",2002,"97,934 SAR",10667,6.25,4WD,premium,Jeddah,11,1,Gray,individual,0
JournalMotors,sedan,4,2002,"86,930 SAR",2008,"41,188 SAR",296011,11.32,4WD,standard,Jeddah,3,2,Black,individual,1
Toyoda,suv,6,2000,"125,332 SAR",2004,"72,707 SAR",151060,9.59,2WD,premium,Madinah,6,3,Black,individual,0
Honta,suv,4,2004,"80,752 SAR",2011,"38,155 SAR",119393,12.36,2WD,standard,Dammam,7,3,Black,individual,0
Masda,sedan,8,1993,"51,956 SAR",1996,"32,404 SAR",70101,11.94,4WD,standard,Riyadh,4,1,Black,company,0
Fourd,sedan,4,2002,"86,930 SAR",2004,"60,285 SAR",35815,6.87,4WD,standard,Madinah,3,3,Blue,individual,0
Fourd,suv,4,1999,"102,395 SAR",2004,"45,524 SAR",107823,6.99,2WD,standard,Dhahran,11,3,Black,individual,0
Huendae,sedan,6,2001,"71,021 SAR",2005,"35,637 SAR",200492,10.9,2WD,premium,Dammam,4,2,Silver,individual,0
Shevy,sedan,4,2005,"92,251 SAR",2008,"51,927 SAR",129122,3.92,4WD,standard,Dhahran,4,3,Silver,individual,1
Masda,sedan,4,1992,"42,448 SAR",1998,"20,056 SAR",73726,13.12,2WD,standard,Riyadh,5,1,Red,individual,0
Fourd,crossover,6,1996,"108,068 SAR",1999,"60,982 SAR",65731,7.39,2WD,premium,Jeddah,12,2,Blue,individual,0
Honta,sedan,6,2002,"86,930 SAR",2009,"43,128 SAR",79963,12.73,4WD,premium,Madinah,4,1,Blue,individual,1
Toyoda,crossover,4,2000,"85,942 SAR",2005,"48,566 SAR",43115,9.02,4WD,standard,Dammam,7,2,Red,individual,1
Huendae,suv,4,2002,"77,616 SAR",2009,"42,785 SAR",83596,12.2,2WD,standard,Dammam,2,1,White,individual,1
Huendae,crossover,4,2001,"60,875 SAR",2006,"34,550 SAR",34590,16.87,2WD,standard,Riyadh,5,3,Black,individual,1
Honta,crossover,8,2000,"59,681 SAR",2003,"35,361 SAR",102798,8.66,2WD,standard,Makkah,8,3,Black,individual,0
Honta,crossover,4,2001,"60,875 SAR",2005,"30,631 SAR",177010,13.51,2WD,standard,Makkah,5,4,White,individual,0
Shevy,sedan,4,2004,"75,368 SAR",2013,"19,331 SAR",161191,11.74,2WD,standard,Dhahran,4,2,Red,company,0
Shevy,sedan,4,2001,"71,021 SAR",2010,"17,306 SAR",377340,10.47,2WD,standard,Dammam,14,2,Blue,company,0
Wolksvagon,crossover,4,2004,"93,026 SAR",2011,"50,548 SAR",136701,7.87,4WD,standard,Makkah,9,3,Black,individual,1
BeEmW,suv,6,2000,"146,220 SAR",2006,"62,509 SAR",47582,3.15,2WD,premium,Makkah,7,2,White,individual,0
Toyoda,crossover,4,2006,"96,784 SAR",2012,"50,085 SAR",72778,13.0,4WD,standard,Dammam,4,1,White,individual,0
Toyoda,suv,4,2004,"96,902 SAR",2012,"33,431 SAR",158524,10.74,2WD,standard,Makkah,3,2,Silver,company,0
Honta,suv,4,1998,"71,705 SAR",2001,"49,194 SAR",63110,17.14,2WD,standard,Dhahran,11,1,Gray,individual,0
Toyoda,suv,4,2001,"91,313 SAR",2005,"58,858 SAR",176200,9.35,2WD,standard,Dammam,3,2,Silver,company,0
Nesshan,suv,4,2003,"110,836 SAR",2010,"52,370 SAR",144436,11.44,2WD,premium,Dammam,10,3,Black,individual,0
Toyoda,sedan,8,1998,"96,372 SAR",2002,"55,907 SAR",94790,9.23,4WD,premium,Dhahran,5,4,Brown,individual,0
Toyoda,sedan,6,2002,"74,511 SAR",2008,"38,559 SAR",134299,13.0,4WD,standard,Riyadh,6,1,Gray,individual,0
Huendae,sedan,6,2001,"85,225 SAR",2002,"70,873 SAR",22628,18.85,4WD,premium,Dhahran,8,2,Blue,individual,0
Huendae,suv,4,1996,"68,921 SAR",1998,"52,299 SAR",47621,18.35,2WD,standard,Dhahran,8,2,Red,individual,0
Toyoda,sedan,6,2006,"94,096 SAR",2011,"50,642 SAR",111277,11.68,2WD,premium,Makkah,10,1,Black,individual,0
Shevy,crossover,4,2001,"85,225 SAR",2006,"39,785 SAR",69322,6.61,2WD,standard,Riyadh,5,3,Blue,individual,1
Huendae,crossover,8,1997,"78,735 SAR",2000,"49,107 SAR",29849,9.46,2WD,premium,Jeddah,5,2,Gray,individual,0
Fourd,sedan,6,2005,"76,875 SAR",2010,"34,178 SAR",97055,6.96,2WD,standard,Jeddah,8,3,Gray,individual,0
Masda,suv,4,2006,"84,014 SAR",2011,"43,348 SAR",108521,8.25,2WD,standard,Dhahran,5,3,Red,individual,1
Toyoda,suv,8,2005,"118,608 SAR",2014,"34,986 SAR",368658,7.23,4WD,standard,Dhahran,11,3,Black,company,0
Fourd,crossover,4,2002,"121,702 SAR",2006,"68,213 SAR",35639,6.22,2WD,premium,Jeddah,1,3,Blue,individual,0
Toyoda,sedan,6,1995,"54,055 SAR",1997,"40,841 SAR",36692,12.08,2WD,standard,Dammam,4,2,Red,individual,0
Nesshan,crossover,4,2001,"73,050 SAR",2007,"36,069 SAR",206084,21.61,4WD,standard,Madinah,7,2,Black,individual,0
Nesshan,suv,4,1993,"64,945 SAR",1997,"41,822 SAR",81902,17.95,2WD,standard,Dammam,8,2,White,individual,1
Masda,sedan,6,1990,"68,544 SAR",1995,"39,296 SAR",100580,10.31,4WD,premium,Riyadh,0,1,Silver,individual,1
Honta,sedan,4,2005,"54,911 SAR",2010,"31,480 SAR",94140,13.88,2WD,standard,Madinah,2,2,Black,individual,1
Toyoda,sedan,6,1997,"94,482 SAR",2005,"29,336 SAR",103538,12.51,4WD,premium,Makkah,10,2,Gray,individual,0
Toyoda,crossover,8,2003,"91,202 SAR",2011,"31,386 SAR",72743,8.15,4WD,standard,Makkah,3,4,Gray,individual,1
Wolksvagon,sedan,4,1998,"57,364 SAR",2003,"33,875 SAR",210817,17.86,2WD,standard,Jeddah,10,1,Red,individual,1
Shevy,suv,4,2002,"182,553 SAR",2008,"74,139 SAR",242275,5.29,4WD,premium,Dammam,6,1,Blue,individual,0
Huendae,suv,4,1995,"67,569 SAR",2002,"30,330 SAR",258889,10.03,2WD,standard,Madinah,4,3,White,individual,0
Shevy,crossover,4,2002,"86,930 SAR",2006,"46,288 SAR",159004,3.56,2WD,standard,Jeddah,1,1,Black,individual,0
BeEmW,suv,8,1998,"120,465 SAR",2003,"56,534 SAR",237810,2.58,4WD,standard,Dammam,2,2,Silver,individual,0
JournalMotors,sedan,8,2004,"75,368 SAR",2009,"33,508 SAR",99221,3.77,2WD,standard,Madinah,10,3,White,individual,0
Fourd,suv,4,2000,"125,332 SAR",2003,"70,724 SAR",56659,4.31,4WD,standard,Makkah,8,2,Silver,company,0
Huendae,suv,8,2004,"135,663 SAR",2009,"66,664 SAR",99352,7.52,4WD,premium,Dhahran,11,1,Blue,company,0
Fourd,sedan,4,2003,"73,890 SAR",2009,"33,167 SAR",318727,7.14,2WD,standard,Dammam,1,3,Blue,individual,1
JournalMotors,suv,8,2009,"174,747 SAR",2011,"109,068 SAR",40543,2.56,2WD,premium,Riyadh,5,2,Black,individual,0
Honta,crossover,6,2000,"59,681 SAR",2005,"26,467 SAR",207018,13.88,2WD,standard,Jeddah,4,4,Gray,company,0
Wolksvagon,crossover,4,1998,"82,604 SAR",2003,"46,680 SAR",45439,10.88,4WD,standard,Riyadh,7,3,Silver,individual,1
Nesshan,sedan,4,2001,"71,021 SAR",2002,"62,342 SAR",42529,20.77,2WD,premium,Dammam,2,2,Gray,individual,0
Toyoda,sedan,4,2001,"85,225 SAR",2005,"63,607 SAR",79145,15.03,2WD,premium,Dammam,3,2,Black,individual,0
Honta,suv,4,2004,"113,052 SAR",2008,"63,032 SAR",53608,10.1,2WD,premium,Jeddah,7,1,Black,individual,0
Fourd,sedan,4,2004,"105,516 SAR",2005,"68,564 SAR",42680,5.46,2WD,premium,Dhahran,4,1,White,individual,0
Mercetes,suv,4,2005,"115,313 SAR",2007,"71,972 SAR",33837,8.45,2WD,standard,Jeddah,5,1,Red,individual,0
Masda,crossover,4,2002,"62,093 SAR",2003,"46,942 SAR",19670,12.04,2WD,standard,Jeddah,10,3,Gray,individual,0
Mercetes,sedan,4,1996,"64,326 SAR",2002,"28,874 SAR",66699,6.61,2WD,standard,Makkah,6,2,Black,individual,1
Huendae,suv,4,1997,"98,419 SAR",1999,"64,338 SAR",76509,9.43,2WD,premium,Riyadh,4,4,Gray,individual,1
Fourd,suv,4,2001,"127,838 SAR",2006,"59,994 SAR",203548,7.4,4WD,standard,Jeddah,2,2,Blue,individual,0
Huendae,sedan,4,1994,"52,995 SAR",1998,"37,919 SAR",69385,15.43,4WD,standard,Dammam,2,3,Gray,individual,1
Wolksvagon,sedan,8,2003,"63,334 SAR",2007,"40,823 SAR",168411,7.31,2WD,standard,Madinah,1,3,Red,individual,0
Toyoda,sedan,4,2006,"94,096 SAR",2013,"50,885 SAR",288995,22.56,2WD,premium,Riyadh,9,1,Black,company,0
JournalMotors,sedan,4,1999,"68,263 SAR",2007,"16,633 SAR",284749,10.87,2WD,standard,Dammam,10,1,Silver,individual,0
Masda,crossover,6,1997,"56,239 SAR",1998,"42,516 SAR",21667,6.85,2WD,standard,Dhahran,12,1,Gray,individual,0
Toyoda,sedan,4,2002,"86,930 SAR",2007,"51,464 SAR",105086,15.96,2WD,premium,Jeddah,4,1,White,individual,0
JournalMotors,sedan,4,1998,"80,310 SAR",2002,"45,013 SAR",42852,10.91,4WD,standard,Jeddah,0,2,Brown,individual,0
JournalMotors,suv,4,1998,"140,542 SAR",2003,"62,484 SAR",95159,4.91,2WD,premium,Makkah,5,2,Silver,individual,0
Huendae,crossover,8,2006,"80,653 SAR",2010,"49,964 SAR",49179,8.18,4WD,standard,Makkah,3,3,Red,company,0
Shevy,suv,4,2000,"104,443 SAR",2001,"71,439 SAR",9507,7.74,2WD,standard,Dhahran,7,2,Blue,individual,0
Huendae,sedan,4,2000,"49,734 SAR",2004,"33,891 SAR",31852,18.06,2WD,standard,Jeddah,3,2,Red,company,0
Toyoda,sedan,4,2005,"65,893 SAR",2011,"39,385 SAR",126846,19.95,2WD,standard,Dammam,10,1,Gray,individual,1
Masda,crossover,4,2006,"80,653 SAR",2012,"36,203 SAR",221060,7.86,4WD,standard,Madinah,7,3,Gray,individual,0
Fourd,crossover,8,1996,"77,191 SAR",2003,"32,999 SAR",132336,2.0,2WD,standard,Dammam,4,3,Silver,company,0
Fourd,suv,4,1993,"90,924 SAR",1998,"40,424 SAR",109054,6.23,2WD,standard,Madinah,4,2,White,company,0
Shevy,suv,6,1997,"118,103 SAR",2000,"66,645 SAR",32591,3.51,4WD,standard,Dammam,4,3,Silver,individual,0
Honta,sedan,6,1995,"45,046 SAR",2003,"14,154 SAR",346587,13.81,2WD,standard,Dhahran,3,2,Black,individual,1
Huendae,suv,4,2001,"91,313 SAR",2006,"44,871 SAR",97650,10.95,4WD,standard,Madinah,4,1,White,individual,0
Honta,sedan,6,1997,"46,866 SAR",2004,"27,065 SAR",153058,15.67,2WD,standard,Riyadh,3,3,White,individual,0
Geep,sedan,4,2005,"76,875 SAR",2013,"18,732 SAR",144686,7.0,2WD,standard,Jeddah,11,4,Gray,individual,0
Toyoda,crossover,8,1999,"84,256 SAR",2008,"24,853 SAR",387925,5.01,4WD,standard,Riyadh,4,2,Blue,individual,0
Masda,sedan,4,2006,"67,211 SAR",2012,"35,285 SAR",135976,9.93,4WD,standard,Riyadh,2,2,White,individual,0
Toyoda,crossover,4,1999,"70,214 SAR",2004,"34,010 SAR",250185,9.81,2WD,standard,Jeddah,6,3,Blue,individual,0
Honta,suv,6,1998,"86,046 SAR",2000,"62,326 SAR",23061,12.74,4WD,standard,Dammam,7,1,White,company,1
Shevy,crossover,8,2004,"151,943 SAR",2006,"94,835 SAR",39496,5.12,4WD,premium,Madinah,5,2,White,company,0
Fourd,sedan,4,2005,"76,875 SAR",2007,"47,981 SAR",19143,5.39,2WD,standard,Dhahran,10,2,White,individual,0
Huendae,sedan,4,2006,"56,009 SAR",2009,"36,504 SAR",111467,18.52,2WD,standard,Jeddah,6,1,Blue,company,0
JournalMotors,suv,8,1993,"90,924 SAR",2001,"23,322 SAR",77647,2.77,2WD,standard,Jeddah,4,3,White,company,0
Huendae,sedan,8,2007,"79,981 SAR",2013,"35,901 SAR",228407,7.23,2WD,premium,Jeddah,9,2,Brown,individual,0
Geep,sedan,6,2001,"71,021 SAR",2002,"46,149 SAR",9395,8.77,2WD,standard,Riyadh,7,4,Black,individual,0
Fourd,sedan,4,2003,"88,668 SAR",2006,"52,537 SAR",26620,3.67,4WD,standard,Jeddah,4,1,Gray,individual,1
Huendae,sedan,4,1996,"45,947 SAR",2001,"22,414 SAR",176745,23.66,2WD,standard,Madinah,11,4,White,individual,0
JournalMotors,suv,8,1995,"94,597 SAR",1998,"53,381 SAR",30852,3.8,2WD,standard,Makkah,4,3,Gray,individual,0
Wolksvagon,suv,4,2003,"133,003 SAR",2007,"85,279 SAR",98624,12.15,2WD,premium,Dammam,6,3,White,company,1
Honta,suv,8,2006,"84,014 SAR",2009,"55,310 SAR",137088,9.11,2WD,standard,Dhahran,2,1,Blue,individual,0
Geep,sedan,6,1997,"65,612 SAR",2004,"27,979 SAR",275361,5.27,2WD,standard,Makkah,8,3,Black,individual,1
Honta,sedan,8,1998,"47,803 SAR",2001,"28,323 SAR",119753,11.71,2WD,standard,Dammam,8,3,Black,individual,0
Nesshan,sedan,4,2000,"59,681 SAR",2006,"34,465 SAR",123822,19.59,4WD,standard,Riyadh,2,1,Black,individual,0
Masda,sedan,4,1996,"45,947 SAR",1997,"40,120 SAR",20870,18.36,2WD,standard,Madinah,6,3,Black,individual,1
Honta,crossover,4,2004,"77,522 SAR",2010,"38,277 SAR",278001,23.54,4WD,standard,Makkah,4,3,White,individual,0
Toyoda,crossover,4,2002,"74,511 SAR",2007,"46,317 SAR",47586,19.44,2WD,standard,Riyadh,8,1,Silver,individual,1
Shevy,suv,4,2001,"106,532 SAR",2009,"28,691 SAR",92671,5.46,2WD,standard,Riyadh,11,3,Silver,individual,1
Shevy,suv,4,2006,"117,620 SAR",2010,"69,222 SAR",85463,2.88,2WD,standard,Jeddah,1,2,Blue,individual,1
JournalMotors,crossover,4,2000,"83,554 SAR",2004,"42,148 SAR",37409,6.1,2WD,standard,Madinah,8,3,Gray,individual,0
JournalMotors,sedan,4,1998,"66,925 SAR",2004,"28,610 SAR",134094,12.3,2WD,standard,Jeddah,8,2,Silver,individual,0
Honta,sedan,8,1999,"58,511 SAR",2006,"30,718 SAR",75118,8.92,4WD,standard,Jeddah,3,2,Silver,individual,0
Wolksvagon,sedan,4,2003,"63,334 SAR",2005,"50,510 SAR",44013,10.73,2WD,standard,Jeddah,2,4,Red,individual,0
Fourd,crossover,4,2005,"110,701 SAR",2010,"49,217 SAR",30083,5.72,4WD,standard,Makkah,6,2,Black,individual,0
Honta,suv,6,2002,"108,662 SAR",2006,"60,433 SAR",162730,10.23,2WD,premium,Dammam,9,3,Gray,company,1
JournalMotors,suv,8,1999,"102,395 SAR",2007,"26,264 SAR",129474,1.57,2WD,standard,Madinah,4,3,Gray,individual,0
Honta,crossover,8,2007,"95,978 SAR",2009,"66,210 SAR",26100,6.47,2WD,premium,Makkah,8,1,Gray,company,0
Wolksvagon,suv,4,2008,"104,890 SAR",2010,"79,249 SAR",41181,8.29,2WD,standard,Dammam,7,3,Red,company,0
Toyoda,sedan,4,1996,"66,164 SAR",1999,"45,196 SAR",25932,11.58,4WD,standard,Riyadh,8,1,Red,individual,0
Toyoda,crossover,4,2002,"74,511 SAR",2009,"42,415 SAR",109673,15.91,2WD,standard,Riyadh,5,3,Gray,individual,0
Shevy,suv,4,2001,"106,532 SAR",2006,"47,364 SAR",54590,5.12,2WD,standard,Dhahran,7,3,White,company,0
Wolksvagon,suv,4,2000,"89,522 SAR",2007,"44,011 SAR",97252,8.06,2WD,standard,Dammam,13,4,White,individual,0
Honta,suv,4,2004,"96,902 SAR",2006,"60,163 SAR",104809,13.54,4WD,standard,Madinah,7,3,Silver,individual,0
Toyoda,crossover,8,2004,"77,522 SAR",2008,"47,338 SAR",32634,7.51,2WD,standard,Dammam,5,2,Silver,company,0
JournalMotors,crossover,4,1991,"69,914 SAR",1995,"33,504 SAR",170288,7.47,2WD,standard,Makkah,13,2,Gray,company,0
Geep,sedan,4,2004,"75,368 SAR",2009,"35,184 SAR",103360,10.61,2WD,standard,Dhahran,9,2,Silver,individual,1
Toyoda,suv,4,1997,"118,103 SAR",2003,"64,174 SAR",107674,13.07,2WD,premium,Dhahran,11,2,Brown,company,1
Shevy,sedan,6,1999,"95,569 SAR",2003,"53,566 SAR",74424,6.8,2WD,premium,Riyadh,2,2,White,individual,0
Geep,crossover,4,1999,"114,682 SAR",2007,"30,886 SAR",149477,6.81,2WD,premium,Jeddah,9,3,Gray,individual,1
Honta,suv,4,2007,"102,833 SAR",2011,"63,067 SAR",82780,15.24,4WD,standard,Riyadh,6,2,Silver,individual,0
Toyoda,suv,4,2001,"127,838 SAR",2005,"81,967 SAR",23254,7.92,2WD,premium,Dammam,9,2,White,individual,1
BeEmW,sedan,4,2004,"105,516 SAR",2013,"26,997 SAR",438995,8.8,2WD,premium,Makkah,7,2,Black,individual,1
Shevy,sedan,4,2004,"75,368 SAR",2011,"30,608 SAR",287888,7.35,2WD,standard,Madinah,9,1,Black,company,0
Toyoda,sedan,4,1999,"81,916 SAR",2004,"48,495 SAR",54203,20.87,2WD,premium,Dhahran,11,2,Black,individual,0
Fourd,sedan,6,2005,"76,875 SAR",2007,"53,312 SAR",37091,7.51,2WD,standard,Madinah,2,2,Silver,individual,0
Masda,suv,4,2004,"96,902 SAR",2006,"66,680 SAR",61150,6.23,4WD,standard,Makkah,11,1,Black,individual,1
Fourd,sedan,4,2008,"81,581 SAR",2011,"43,734 SAR",128053,7.16,2WD,standard,Madinah,9,2,White,individual,0
Wolksvagon,sedan,4,2004,"77,522 SAR",2012,"28,082 SAR",52126,8.42,4WD,standard,Madinah,3,3,Silver,individual,1
Wolksvagon,suv,4,2001,"91,313 SAR",2003,"68,991 SAR",33478,6.58,2WD,standard,Jeddah,8,1,Gray,individual,0
Wolksvagon,suv,4,1999,"87,767 SAR",2005,"47,690 SAR",131213,7.51,2WD,standard,Dhahran,11,2,Gray,individual,1
Toyoda,sedan,6,1999,"81,916 SAR",2004,"44,087 SAR",116745,14.35,2WD,premium,Riyadh,8,2,Black,individual,0
Honta,suv,4,2002,"108,662 SAR",2009,"51,342 SAR",150819,11.91,2WD,premium,Riyadh,7,2,Blue,company,0
Toyoda,suv,4,1998,"86,046 SAR",2001,"58,778 SAR",47271,11.03,2WD,standard,Dammam,9,3,Silver,individual,0
Toyoda,sedan,4,1997,"56,239 SAR",2002,"36,994 SAR",61717,16.45,2WD,standard,Jeddah,2,3,Red,individual,0
Nesshan,crossover,6,2005,"65,893 SAR",2010,"33,836 SAR",224740,15.76,2WD,standard,Dhahran,4,3,Gray,individual,0
Shevy,crossover,4,2000,"83,554 SAR",2008,"23,812 SAR",117763,7.54,2WD,standard,Makkah,3,2,White,individual,0
Fourd,sedan,4,2005,"92,251 SAR",2010,"38,964 SAR",32768,11.71,4WD,standard,Makkah,5,4,Black,individual,0
Shevy,crossover,4,2004,"108,530 SAR",2012,"29,384 SAR",183551,7.16,4WD,standard,Dhahran,0,4,White,individual,0
Toyoda,suv,4,1992,"91,688 SAR",1995,"68,895 SAR",57621,15.37,4WD,standard,Dhahran,6,3,Silver,individual,0
JournalMotors,suv,4,2009,"174,747 SAR",2012,"103,540 SAR",51357,9.1,2WD,premium,Dhahran,8,3,Gray,individual,1
Fourd,suv,8,1998,"120,465 SAR",2001,"79,308 SAR",66527,2.62,4WD,standard,Jeddah,1,3,White,individual,1
Mercetes,crossover,4,2005,"92,251 SAR",2009,"51,706 SAR",82576,5.94,2WD,standard,Riyadh,3,3,White,individual,0
Shevy,suv,6,2008,"122,372 SAR",2015,"49,698 SAR",244845,5.77,2WD,standard,Riyadh,8,3,Black,individual,0
JournalMotors,suv,4,2005,"138,376 SAR",2009,"69,629 SAR",144055,5.22,4WD,standard,Riyadh,5,2,Red,company,1
Mercetes,crossover,8,2003,"124,136 SAR",2009,"53,068 SAR",46694,2.64,2WD,premium,Jeddah,10,1,Blue,individual,0
JournalMotors,suv,4,1998,"100,387 SAR",2004,"45,061 SAR",121928,7.44,2WD,standard,Riyadh,4,2,Gray,individual,1
Masda,crossover,4,1992,"61,125 SAR",1997,"33,040 SAR",70612,17.65,4WD,standard,Dammam,7,2,Gray,individual,0
Masda,suv,4,2000,"125,332 SAR",2006,"65,799 SAR",105685,8.32,4WD,premium,Makkah,1,1,Black,individual,0
Masda,sedan,4,2002,"62,093 SAR",2005,"38,630 SAR",103984,10.86,4WD,standard,Madinah,7,1,Blue,individual,1
Huendae,sedan,4,1994,"52,995 SAR",2000,"27,544 SAR",105773,15.95,4WD,standard,Jeddah,14,1,Black,individual,0
Honta,crossover,4,1994,"63,595 SAR",1998,"37,052 SAR",167104,15.6,4WD,standard,Dhahran,4,3,Silver,individual,0
JournalMotors,suv,6,1997,"98,419 SAR",2004,"39,970 SAR",304681,6.34,2WD,standard,Jeddah,8,1,White,individual,0
Huendae,crossover,4,2004,"64,601 SAR",2005,"56,408 SAR",12438,18.41,2WD,standard,Madinah,12,3,Silver,company,1
Huendae,suv,4,1999,"73,139 SAR",2001,"53,257 SAR",75781,9.48,2WD,standard,Riyadh,3,2,Red,individual,0
Fourd,sedan,8,2002,"72,441 SAR",2008,"34,409 SAR",48185,7.42,2WD,standard,Riyadh,0,2,Blue,individual,0
Honta,suv,4,1997,"70,299 SAR",2002,"32,817 SAR",35522,9.82,2WD,standard,Madinah,4,4,Black,individual,0
Honta,suv,6,2002,"93,139 SAR",2003,"70,413 SAR",16672,8.35,4WD,standard,Dammam,6,2,Blue,individual,0
Shevy,suv,6,2006,"117,620 SAR",2011,"58,104 SAR",91198,5.11,2WD,standard,Dhahran,3,2,Blue,individual,0
Toyoda,suv,4,2001,"127,838 SAR",2002,"123,491 SAR",9799,9.83,2WD,premium,Dammam,2,2,Blue,individual,1
Huendae,suv,4,2004,"80,752 SAR",2008,"42,772 SAR",186685,14.03,2WD,standard,Makkah,11,2,Gray,individual,0
Toyoda,sedan,4,2004,"64,601 SAR",2009,"40,157 SAR",86938,21.22,2WD,standard,Riyadh,5,3,Black,individual,1
Nesshan,sedan,4,2000,"83,554 SAR",2005,"42,906 SAR",192077,20.05,4WD,premium,Riyadh,4,2,Black,individual,0
Nesshan,sedan,4,2005,"65,893 SAR",2010,"35,617 SAR",93867,20.19,4WD,standard,Makkah,4,3,Red,individual,0
Honta,crossover,6,2004,"64,601 SAR",2010,"30,523 SAR",59377,13.57,2WD,standard,Jeddah,8,1,Blue,individual,0
Shevy,crossover,4,2000,"83,554 SAR",2004,"46,832 SAR",64990,7.28,2WD,standard,Jeddah,2,2,Gray,individual,0
JournalMotors,sedan,6,2000,"69,628 SAR",2002,"48,287 SAR",36219,5.26,2WD,standard,Jeddah,3,2,Silver,individual,0
JournalMotors,sedan,8,2002,"101,418 SAR",2006,"53,718 SAR",80908,5.02,2WD,premium,Dammam,4,2,Gray,individual,1
Nesshan,suv,6,1998,"71,705 SAR",2005,"32,186 SAR",75444,11.06,2WD,standard,Dammam,14,4,Blue,individual,0
JournalMotors,suv,4,1997,"98,419 SAR",2005,"28,049 SAR",189739,3.38,2WD,standard,Dhahran,1,2,Gray,individual,0
Toyoda,sedan,8,1999,"70,214 SAR",2003,"45,019 SAR",47186,8.33,4WD,standard,Madinah,4,3,Gray,company,1
Huendae,sedan,4,1998,"57,364 SAR",2000,"45,706 SAR",37436,19.08,4WD,standard,Jeddah,9,3,Gray,individual,1
Toyoda,sedan,4,2007,"68,555 SAR",2011,"46,514 SAR",41166,13.23,2WD,standard,Madinah,0,1,Black,individual,0
Huendae,crossover,8,1996,"55,136 SAR",2002,"30,393 SAR",60443,7.5,2WD,standard,Dammam,3,2,White,individual,1
Shevy,suv,4,2006,"117,620 SAR",2007,"80,452 SAR",19545,5.03,2WD,standard,Dammam,5,3,White,individual,0
Toyoda,suv,4,2009,"149,783 SAR",2016,"77,512 SAR",153517,11.29,2WD,premium,Riyadh,10,1,Gray,individual,0
Honta,suv,4,2006,"84,014 SAR",2010,"44,499 SAR",166915,12.7,2WD,standard,Makkah,8,1,Black,individual,0
BeEmW,suv,4,2005,"115,313 SAR",2010,"48,704 SAR",109285,5.27,2WD,standard,Riyadh,4,4,Gray,individual,0
Fourd,sedan,4,2000,"83,554 SAR",2007,"37,505 SAR",134914,8.12,4WD,standard,Dammam,10,2,Blue,individual,1
Shevy,suv,6,2007,"167,961 SAR",2014,"71,623 SAR",252058,2.87,2WD,premium,Dammam,6,3,White,individual,1
Honta,sedan,6,1999,"48,759 SAR",2005,"24,075 SAR",198516,21.36,2WD,standard,Madinah,9,3,Blue,individual,0
Honta,sedan,4,2003,"52,779 SAR",2007,"32,369 SAR",80197,22.21,2WD,standard,Dammam,10,2,White,individual,0
Fourd,suv,4,2003,"110,836 SAR",2010,"47,382 SAR",80264,4.64,2WD,standard,Dammam,7,3,White,individual,0
Nesshan,sedan,6,2001,"50,729 SAR",2006,"30,467 SAR",40550,18.61,2WD,standard,Riyadh,3,2,White,individual,0
JournalMotors,suv,4,1995,"132,436 SAR",2000,"62,152 SAR",249813,4.9,2WD,premium,Madinah,3,3,Gray,individual,0
Nesshan,suv,8,1999,"73,139 SAR",2004,"32,346 SAR",253228,7.78,2WD,standard,Dhahran,6,3,Black,individual,0
JournalMotors,suv,4,2004,"189,928 SAR",2008,"95,809 SAR",79219,7.18,4WD,premium,Makkah,4,2,Gray,individual,0
Nesshan,sedan,4,2002,"72,441 SAR",2008,"37,651 SAR",66835,25.76,2WD,premium,Jeddah,4,2,Blue,individual,0
Toyoda,sedan,4,2004,"77,522 SAR",2008,"60,751 SAR",78800,16.35,4WD,standard,Madinah,3,2,Blue,individual,1
Honta,crossover,4,2004,"64,601 SAR",2011,"30,523 SAR",158425,12.23,2WD,standard,Madinah,5,3,Red,individual,0
Nesshan,sedan,4,2009,"59,437 SAR",2012,"40,777 SAR",64039,27.72,2WD,standard,Makkah,9,3,Gray,individual,0
Fourd,suv,4,1997,"137,787 SAR",2001,"73,368 SAR",72082,5.55,2WD,premium,Makkah,3,4,Gray,company,0
JournalMotors,crossover,8,1999,"81,916 SAR",2001,"48,571 SAR",76417,4.68,2WD,standard,Dhahran,10,3,Gray,individual,0
Shevy,sedan,8,1995,"63,065 SAR",2003,"15,367 SAR",293195,6.54,2WD,standard,Madinah,5,2,Gray,individual,0
Fourd,sedan,4,2003,"73,890 SAR",2011,"20,005 SAR",197738,6.01,2WD,standard,Riyadh,3,4,Gray,company,0
Wolksvagon,suv,4,2003,"95,002 SAR",2007,"60,913 SAR",34979,9.85,2WD,standard,Jeddah,11,2,Silver,company,1
Shevy,sedan,4,2005,"107,626 SAR",2008,"60,581 SAR",62413,7.4,2WD,premium,Madinah,9,4,Black,individual,1
Masda,suv,8,2000,"89,522 SAR",2005,"41,791 SAR",153458,4.5,4WD,standard,Madinah,9,2,Black,individual,0
BeEmW,crossover,4,2005,"92,251 SAR",2010,"38,964 SAR",161816,5.36,2WD,standard,Makkah,10,2,Gray,individual,0
JournalMotors,suv,6,2000,"125,332 SAR",2006,"50,900 SAR",297741,5.63,4WD,standard,Jeddah,8,2,Red,individual,0
Fourd,sedan,4,1997,"65,612 SAR",2002,"32,412 SAR",36861,8.48,2WD,standard,Riyadh,1,2,Gray,individual,0
Nesshan,sedan,4,2003,"73,890 SAR",2011,"23,042 SAR",163682,23.23,2WD,premium,Dhahran,4,2,Brown,individual,0
Toyoda,sedan,4,1998,"57,364 SAR",2004,"32,654 SAR",112547,15.78,2WD,standard,Dammam,6,3,Black,company,0
Shevy,suv,4,1998,"100,387 SAR",2004,"45,061 SAR",59946,5.31,2WD,standard,Makkah,5,2,Gray,individual,1
Honta,suv,4,2003,"79,168 SAR",2004,"59,851 SAR",21460,10.3,2WD,standard,Dammam,4,3,White,company,0
Shevy,sedan,4,2003,"88,668 SAR",2009,"37,810 SAR",239369,9.16,4WD,standard,Jeddah,8,1,Blue,individual,1
Shevy,suv,4,2006,"197,602 SAR",2007,"157,686 SAR",12017,5.93,4WD,premium,Dammam,3,1,White,company,1
Honta,sedan,4,2009,"59,437 SAR",2012,"40,891 SAR",122551,16.17,2WD,standard,Madinah,2,4,White,company,0
JournalMotors,suv,4,1993,"90,924 SAR",1999,"38,870 SAR",316354,3.63,2WD,standard,Riyadh,3,1,Gray,individual,0
Wolksvagon,sedan,6,2001,"60,875 SAR",2004,"41,583 SAR",55063,10.52,2WD,standard,Jeddah,8,3,Blue,individual,0
JournalMotors,suv,4,2004,"113,052 SAR",2008,"57,029 SAR",82534,5.58,2WD,standard,Riyadh,9,2,Gray,individual,0
Honta,sedan,6,2009,"99,855 SAR",2016,"44,822 SAR",151130,12.14,4WD,premium,Jeddah,8,4,Black,individual,0
Toyoda,sedan,4,1997,"78,735 SAR",2004,"40,745 SAR",159317,12.26,2WD,premium,Dhahran,6,3,White,individual,0
Toyoda,crossover,4,2009,"85,590 SAR",2012,"58,466 SAR",59151,14.86,2WD,standard,Dhahran,8,2,Red,individual,0
JournalMotors,suv,4,2001,"127,838 SAR",2007,"63,759 SAR",137272,2.04,4WD,standard,Dhahran,1,2,Brown,individual,1
JournalMotors,crossover,4,2001,"85,225 SAR",2006,"41,995 SAR",178506,9.47,2WD,standard,Madinah,0,1,White,individual,1
BeEmW,suv,4,2005,"115,313 SAR",2011,"51,761 SAR",122250,8.73,2WD,standard,Makkah,9,3,Silver,individual,1
Masda,crossover,4,2000,"59,681 SAR",2007,"31,019 SAR",74742,16.18,2WD,standard,Makkah,11,2,Brown,individual,0
Nesshan,sedan,4,2009,"83,213 SAR",2012,"51,899 SAR",41145,13.65,2WD,premium,Dhahran,7,3,Brown,individual,0
Shevy,sedan,8,2000,"69,628 SAR",2006,"31,419 SAR",216133,6.75,2WD,standard,Dhahran,3,1,Gray,individual,0
Huendae,sedan,8,2001,"50,729 SAR",2007,"25,167 SAR",43074,12.14,2WD,standard,Jeddah,13,3,Blue,individual,1
Honta,sedan,4,1991,"41,616 SAR",1994,"31,723 SAR",16740,24.77,2WD,standard,Dammam,2,2,Blue,individual,0
Huendae,suv,4,2004,"80,752 SAR",2012,"21,748 SAR",375311,9.58,2WD,standard,Riyadh,12,3,Blue,individual,0
Toyoda,suv,6,2008,"125,868 SAR",2010,"94,861 SAR",77636,11.2,4WD,standard,Makkah,10,3,Black,individual,1
Shevy,sedan,4,2006,"131,734 SAR",2012,"53,500 SAR",244606,11.73,4WD,premium,Dammam,8,2,Gray,individual,0
Wolksvagon,crossover,4,2007,"115,173 SAR",2012,"61,831 SAR",99322,13.69,2WD,premium,Makkah,9,4,Silver,individual,1
Huendae,suv,4,2006,"117,620 SAR",2013,"58,354 SAR",144578,14.23,2WD,premium,Riyadh,4,3,White,company,1
Toyoda,suv,8,2006,"100,817 SAR",2013,"57,969 SAR",130029,8.6,2WD,standard,Riyadh,2,1,White,individual,0
Masda,sedan,6,2002,"51,744 SAR",2008,"23,226 SAR",240012,10.76,2WD,standard,Riyadh,9,2,Blue,individual,0
JournalMotors,suv,4,2002,"108,662 SAR",2010,"30,968 SAR",176892,5.82,2WD,standard,Riyadh,2,3,Blue,company,0
Fourd,crossover,4,1997,"110,229 SAR",2005,"31,415 SAR",111976,10.26,2WD,premium,Riyadh,3,2,White,individual,0
Masda,crossover,4,2004,"77,522 SAR",2006,"53,344 SAR",72751,14.24,4WD,standard,Makkah,11,2,Black,individual,1
Geep,suv,4,1993,"90,924 SAR",2001,"23,322 SAR",169938,5.69,2WD,standard,Riyadh,11,3,Gray,company,0
Toyoda,sedan,4,2004,"77,522 SAR",2009,"39,636 SAR",193982,12.23,4WD,standard,Riyadh,7,2,Silver,individual,0
JournalMotors,suv,6,1999,"122,874 SAR",2005,"55,155 SAR",117827,5.27,4WD,standard,Dhahran,9,3,White,individual,1
Shevy,suv,4,1992,"106,969 SAR",1994,"66,597 SAR",81722,2.45,4WD,standard,Dammam,4,1,Silver,company,1
JournalMotors,suv,4,2007,"119,972 SAR",2013,"51,159 SAR",131377,3.85,2WD,standard,Dammam,5,4,Black,individual,1
Wolksvagon,suv,4,2002,"93,139 SAR",2007,"52,633 SAR",37460,6.46,2WD,standard,Dhahran,8,3,Gray,individual,1
Nesshan,suv,4,1998,"86,046 SAR",2006,"26,833 SAR",68718,16.84,4WD,standard,Dhahran,10,3,Red,individual,0
JournalMotors,suv,4,1994,"92,742 SAR",2001,"39,647 SAR",49296,2.22,2WD,standard,Jeddah,7,1,White,individual,0
Toyoda,suv,8,1992,"76,406 SAR",1997,"43,177 SAR",46441,5.79,2WD,standard,Jeddah,6,3,Silver,individual,1
JournalMotors,suv,4,2002,"108,662 SAR",2005,"68,131 SAR",53509,6.78,2WD,standard,Madinah,2,2,Gray,individual,0
Huendae,sedan,6,1998,"57,364 SAR",2005,"29,740 SAR",285695,17.7,4WD,standard,Madinah,5,1,Black,individual,1
JournalMotors,sedan,4,2004,"90,442 SAR",2008,"45,509 SAR",183441,9.18,4WD,standard,Dammam,11,1,Silver,individual,1
Fourd,suv,4,1995,"113,517 SAR",2001,"46,102 SAR",214266,4.53,4WD,standard,Riyadh,12,3,Blue,individual,0
Shevy,sedan,6,1997,"65,612 SAR",2002,"27,712 SAR",98043,5.58,2WD,standard,Makkah,10,4,White,individual,0
Shevy,sedan,4,1996,"64,326 SAR",2002,"28,874 SAR",109578,12.49,2WD,standard,Jeddah,9,1,Black,individual,1
Shevy,suv,4,1998,"100,387 SAR",2007,"24,461 SAR",368955,4.87,2WD,standard,Dhahran,7,3,Silver,individual,0
Nesshan,suv,4,1995,"81,083 SAR",2001,"38,311 SAR",104351,14.2,4WD,standard,Riyadh,4,1,Black,individual,0
Huendae,suv,4,1997,"70,299 SAR",2001,"43,550 SAR",67491,13.19,2WD,standard,Makkah,1,2,Black,individual,0
Masda,crossover,4,1997,"56,239 SAR",2000,"35,076 SAR",61277,12.42,2WD,standard,Dammam,13,2,Silver,individual,0
Fourd,suv,8,2003,"133,003 SAR",2009,"54,015 SAR",105538,4.17,4WD,standard,Dammam,10,4,Black,individual,0
Masda,crossover,6,2002,"62,093 SAR",2007,"33,902 SAR",104078,11.41,2WD,standard,Makkah,1,2,Red,individual,0
JournalMotors,sedan,4,1998,"93,695 SAR",2003,"41,656 SAR",120954,12.62,2WD,premium,Dhahran,8,2,Black,company,0
BeEmW,crossover,4,2004,"90,442 SAR",2007,"53,871 SAR",135571,5.82,2WD,standard,Riyadh,0,3,Silver,individual,0
JournalMotors,suv,6,2001,"149,145 SAR",2006,"66,309 SAR",60958,3.55,2WD,premium,Makkah,6,2,Black,company,0
JournalMotors,sedan,6,2003,"73,890 SAR",2006,"46,329 SAR",67630,6.92,2WD,standard,Dammam,3,2,Silver,individual,0
Toyoda,sedan,4,1997,"67,487 SAR",2003,"38,416 SAR",123203,15.85,4WD,standard,Makkah,11,1,Red,individual,0
JournalMotors,sedan,4,2005,"129,151 SAR",2007,"72,548 SAR",103999,6.57,4WD,premium,Dammam,11,2,Black,individual,0
Honta,suv,4,1995,"94,597 SAR",1999,"55,379 SAR",47791,14.29,2WD,premium,Jeddah,9,2,Silver,individual,1
Huendae,sedan,6,2001,"85,225 SAR",2002,"67,329 SAR",10663,20.64,4WD,premium,Madinah,5,4,Gray,individual,0
Huendae,crossover,6,1994,"63,595 SAR",2001,"30,048 SAR",65358,12.16,4WD,standard,Riyadh,6,1,Silver,individual,0
Honta,suv,4,2006,"84,014 SAR",2010,"52,046 SAR",87885,10.93,2WD,standard,Riyadh,1,3,Silver,individual,0
Honta,suv,6,2001,"91,313 SAR",2006,"42,627 SAR",102472,12.22,4WD,standard,Riyadh,5,4,Blue,individual,0
Huendae,suv,4,1996,"68,921 SAR",1998,"61,016 SAR",40863,16.49,2WD,standard,Makkah,0,3,Silver,individual,1
JournalMotors,sedan,8,2007,"95,978 SAR",2015,"24,618 SAR",159763,7.67,4WD,standard,Makkah,11,1,Black,individual,0
Honta,crossover,4,2001,"60,875 SAR",2005,"37,712 SAR",50699,12.95,2WD,standard,Dammam,3,1,Silver,individual,0
Toyoda,sedan,4,2000,"59,681 SAR",2004,"36,353 SAR",172493,14.91,2WD,standard,Dhahran,5,2,Silver,individual,1
Nesshan,sedan,4,2003,"52,779 SAR",2009,"32,003 SAR",56406,18.36,2WD,standard,Madinah,3,3,White,individual,1
Toyoda,suv,4,1997,"101,231 SAR",1999,"72,660 SAR",82692,11.38,4WD,standard,Makkah,6,1,Silver,individual,0
Mercetes,crossover,6,1995,"127,139 SAR",1999,"60,928 SAR",163561,3.59,4WD,premium,Makkah,4,1,Gray,individual,0
Honta,sedan,6,2006,"78,413 SAR",2011,"42,385 SAR",92942,15.56,2WD,premium,Makkah,8,3,White,individual,0
Shevy,suv,4,2003,"155,170 SAR",2011,"46,434 SAR",143647,5.83,2WD,premium,Dhahran,0,1,Blue,company,1
Huendae,crossover,4,2004,"108,530 SAR",2006,"86,474 SAR",21205,21.01,4WD,premium,Dhahran,7,3,Black,individual,1
Nesshan,suv,4,2007,"102,833 SAR",2010,"64,136 SAR",55620,12.35,4WD,standard,Makkah,5,2,White,individual,0
Fourd,suv,8,2005,"161,439 SAR",2013,"43,709 SAR",314337,3.3,2WD,premium,Riyadh,3,1,Brown,individual,0
Huendae,suv,6,2008,"87,408 SAR",2012,"48,734 SAR",71347,7.35,2WD,standard,Riyadh,4,1,Black,company,0
Honta,sedan,4,2002,"62,093 SAR",2009,"32,598 SAR",147933,14.65,4WD,standard,Riyadh,3,1,Gray,company,0
Masda,crossover,4,2008,"83,912 SAR",2014,"37,665 SAR",221961,13.2,4WD,standard,Jeddah,6,2,White,individual,0
JournalMotors,crossover,4,2004,"90,442 SAR",2008,"47,904 SAR",79029,4.76,2WD,standard,Dammam,4,1,Silver,individual,1
Toyoda,suv,6,2000,"107,427 SAR",2002,"90,184 SAR",41576,9.1,4WD,standard,Jeddah,2,2,Silver,individual,0
Huendae,suv,4,2009,"89,156 SAR",2013,"54,679 SAR",80287,17.53,2WD,standard,Madinah,6,1,Gray,company,0
Fourd,crossover,6,2007,"115,173 SAR",2013,"46,774 SAR",197701,5.87,4WD,standard,Riyadh,8,2,White,individual,0
Toyoda,suv,4,1995,"97,300 SAR",2002,"47,835 SAR",135255,14.01,4WD,standard,Dhahran,9,4,Brown,individual,0
BeEmW,sedan,4,2001,"71,021 SAR",2006,"35,084 SAR",53360,13.7,2WD,standard,Jeddah,3,2,Black,company,0
Huendae,suv,4,2005,"98,840 SAR",2008,"61,646 SAR",162878,9.97,4WD,standard,Makkah,1,1,Silver,individual,0
Fourd,crossover,6,1999,"98,299 SAR",2003,"49,462 SAR",155654,4.91,4WD,standard,Madinah,8,2,Red,individual,1
Honta,suv,4,1999,"73,139 SAR",2004,"37,737 SAR",104934,12.49,2WD,standard,Makkah,13,2,White,individual,1
Huendae,crossover,4,2000,"59,681 SAR",2004,"36,602 SAR",27265,16.94,2WD,standard,Dhahran,4,2,Silver,individual,0
Shevy,sedan,8,2004,"90,442 SAR",2010,"38,663 SAR",116830,4.05,4WD,standard,Riyadh,8,1,Black,individual,0
Honta,suv,4,2006,"84,014 SAR",2010,"54,102 SAR",87920,18.21,2WD,standard,Dhahran,6,1,Black,individual,1
JournalMotors,crossover,4,2002,"86,930 SAR",2005,"49,054 SAR",37557,7.23,2WD,standard,Makkah,5,1,Silver,individual,0
Shevy,sedan,4,2001,"85,225 SAR",2008,"40,481 SAR",37638,6.89,4WD,standard,Jeddah,2,2,Black,individual,0
Toyoda,sedan,4,1996,"55,136 SAR",1999,"41,429 SAR",67268,15.41,2WD,standard,Dammam,6,2,Blue,individual,0
Masda,sedan,6,1994,"44,163 SAR",1997,"27,544 SAR",152218,12.12,2WD,standard,Makkah,2,2,Red,individual,0
JournalMotors,crossover,8,2004,"126,619 SAR",2009,"56,154 SAR",186816,3.24,2WD,premium,Riyadh,6,2,Black,individual,1
Nesshan,crossover,4,1998,"57,364 SAR",2001,"39,257 SAR",121708,15.85,2WD,standard,Jeddah,8,3,Gray,company,1
Toyoda,crossover,8,2004,"77,522 SAR",2010,"46,803 SAR",135102,9.25,2WD,standard,Dhahran,3,1,Silver,individual,1
JournalMotors,suv,4,1995,"132,436 SAR",1997,"96,436 SAR",16914,7.28,2WD,premium,Makkah,3,1,Silver,individual,1
JournalMotors,suv,8,1993,"90,924 SAR",1995,"63,055 SAR",45592,4.12,2WD,standard,Makkah,2,2,Black,individual,0
Honta,suv,4,1992,"63,672 SAR",1997,"34,331 SAR",199370,15.53,2WD,standard,Madinah,7,1,Gray,individual,1
Fourd,suv,4,1999,"102,395 SAR",2002,"57,781 SAR",66946,3.62,2WD,standard,Dammam,5,1,Silver,individual,0
Wolksvagon,crossover,8,1997,"67,487 SAR",2001,"41,107 SAR",175754,6.32,2WD,standard,Makkah,6,3,White,company,1
JournalMotors,suv,4,2000,"104,443 SAR",2006,"44,649 SAR",35169,3.25,2WD,standard,Dammam,10,2,White,individual,0
Nesshan,sedan,4,1999,"58,511 SAR",2002,"38,040 SAR",139020,26.91,4WD,standard,Dammam,4,4,Blue,individual,1
Shevy,suv,4,2000,"146,220 SAR",2007,"62,509 SAR",145282,6.13,2WD,premium,Madinah,8,2,Red,company,0
Geep,suv,6,2001,"106,532 SAR",2009,"27,325 SAR",69106,6.81,2WD,standard,Riyadh,7,1,White,individual,0
Huendae,sedan,6,2005,"54,911 SAR",2010,"25,634 SAR",212209,14.05,2WD,standard,Jeddah,6,2,Red,individual,0
Toyoda,suv,4,2002,"156,474 SAR",2005,"101,543 SAR",62885,11.46,4WD,premium,Jeddah,11,4,White,individual,0
Honta,suv,4,1998,"86,046 SAR",2003,"46,981 SAR",110766,12.87,4WD,standard,Dhahran,3,1,Silver,individual,0
Nesshan,suv,4,2004,"80,752 SAR",2011,"42,394 SAR",108576,11.21,2WD,standard,Riyadh,3,1,Blue,company,0
Shevy,suv,4,1997,"118,103 SAR",1998,"84,821 SAR",10053,3.35,4WD,standard,Makkah,4,2,Black,individual,1
Fourd,suv,6,2006,"164,668 SAR",2007,"112,632 SAR",10110,4.99,2WD,premium,Makkah,6,2,Black,individual,0
Shevy,sedan,4,1992,"99,838 SAR",1998,"47,423 SAR",54327,8.02,4WD,premium,Dammam,2,3,Gray,company,0
Honta,suv,4,2000,"89,522 SAR",2009,"30,941 SAR",345025,15.96,4WD,standard,Dammam,3,1,Red,individual,1
Nesshan,crossover,4,2001,"73,050 SAR",2008,"37,872 SAR",290649,16.86,4WD,standard,Makkah,5,3,Black,individual,1
Shevy,sedan,4,2005,"76,875 SAR",2008,"43,380 SAR",32202,9.95,2WD,standard,Dammam,4,3,Gray,individual,0
Nesshan,sedan,4,2004,"64,601 SAR",2008,"39,620 SAR",85598,24.95,4WD,standard,Riyadh,8,3,White,individual,0
JournalMotors,suv,4,2001,"106,532 SAR",2005,"53,740 SAR",42603,4.99,2WD,standard,Madinah,7,3,Red,individual,0
JournalMotors,suv,4,2003,"110,836 SAR",2011,"28,429 SAR",147204,7.92,2WD,standard,Jeddah,6,3,Black,individual,0
Shevy,suv,4,2002,"152,128 SAR",2004,"100,225 SAR",17025,5.21,2WD,premium,Riyadh,3,4,Red,individual,0
Toyoda,suv,4,2004,"96,902 SAR",2007,"66,028 SAR",127320,6.28,2WD,standard,Jeddah,8,3,Gray,individual,1
Huendae,sedan,6,2006,"56,009 SAR",2009,"34,932 SAR",71072,12.28,2WD,standard,Jeddah,7,3,Silver,individual,0
Honta,sedan,8,2000,"49,734 SAR",2002,"32,593 SAR",81737,11.92,2WD,standard,Makkah,9,3,Silver,individual,0
Honta,suv,8,2003,"79,168 SAR",2010,"37,406 SAR",49983,6.96,2WD,standard,Dhahran,4,2,Gray,company,0
Shevy,suv,8,2002,"108,662 SAR",2009,"46,453 SAR",160453,4.45,2WD,standard,Dhahran,6,1,Gray,individual,0
Toyoda,sedan,4,1996,"55,136 SAR",2002,"31,386 SAR",117854,18.23,2WD,standard,Dhahran,10,2,White,individual,0
Shevy,sedan,4,1993,"60,616 SAR",1993,"37,315 SAR",954,3.97,2WD,standard,Makkah,5,3,Black,individual,0
Wolksvagon,suv,4,1997,"84,359 SAR",2000,"60,506 SAR",15923,7.09,2WD,standard,Jeddah,4,2,Black,individual,1
Fourd,suv,4,2006,"164,668 SAR",2010,"78,913 SAR",74544,3.56,2WD,premium,Madinah,4,4,Black,individual,0
Mercetes,suv,4,2001,"149,145 SAR",2005,"71,098 SAR",218791,6.01,2WD,premium,Dhahran,8,1,White,individual,1
Fourd,suv,4,2001,"178,974 SAR",2002,"122,112 SAR",32831,4.12,4WD,premium,Makkah,4,2,Black,individual,1
BeEmW,sedan,4,2003,"73,890 SAR",2006,"41,696 SAR",68480,3.93,2WD,standard,Madinah,5,2,Red,individual,0
Toyoda,sedan,4,2006,"67,211 SAR",2011,"39,790 SAR",86376,17.4,2WD,standard,Dhahran,9,2,Blue,company,0
Fourd,crossover,6,2005,"92,251 SAR",2008,"52,057 SAR",59018,3.71,2WD,standard,Riyadh,6,1,Black,individual,0
Fourd,sedan,4,2003,"73,890 SAR",2006,"41,696 SAR",71598,8.56,2WD,standard,Dhahran,5,1,Red,individual,0
Honta,suv,4,2003,"79,168 SAR",2005,"54,614 SAR",34465,8.93,2WD,standard,Dammam,6,1,Gray,individual,0
Masda,suv,4,2002,"77,616 SAR",2005,"45,988 SAR",115990,7.21,2WD,standard,Jeddah,8,1,White,individual,0
Huendae,crossover,8,1996,"55,136 SAR",2003,"27,354 SAR",123884,12.0,2WD,standard,Dhahran,4,2,White,individual,1
JournalMotors,sedan,4,2004,"90,442 SAR",2010,"38,663 SAR",69479,8.69,4WD,standard,Dhahran,9,1,Black,individual,0
JournalMotors,suv,4,2000,"146,220 SAR",2003,"78,386 SAR",109328,3.2,2WD,premium,Dhahran,4,3,White,individual,0
JournalMotors,suv,4,1998,"120,465 SAR",2001,"71,377 SAR",57436,2.45,4WD,standard,Dhahran,7,2,White,individual,1
Fourd,sedan,4,1997,"91,858 SAR",2004,"37,305 SAR",121405,4.82,2WD,premium,Madinah,8,4,Gray,individual,0
Shevy,crossover,6,1992,"99,838 SAR",1999,"42,680 SAR",69371,4.71,2WD,premium,Dammam,10,2,White,individual,0
Shevy,crossover,4,2005,"129,151 SAR",2010,"57,420 SAR",109882,5.92,2WD,premium,Riyadh,9,3,Black,individual,0
Huendae,suv,4,2001,"91,313 SAR",2003,"62,992 SAR",40594,14.46,4WD,standard,Jeddah,10,2,Gray,individual,0
JournalMotors,sedan,4,2004,"75,368 SAR",2006,"47,040 SAR",41538,10.2,2WD,standard,Riyadh,8,1,Black,individual,0
Honta,sedan,4,2001,"50,729 SAR",2010,"15,819 SAR",164323,22.23,2WD,standard,Riyadh,7,3,Black,individual,0
Toyoda,suv,4,1992,"76,406 SAR",2000,"26,360 SAR",70396,12.35,2WD,standard,Riyadh,3,2,Gray,company,0
Honta,sedan,4,2006,"67,211 SAR",2009,"53,796 SAR",57450,21.64,4WD,standard,Riyadh,3,1,Black,individual,1
Toyoda,sedan,4,2003,"63,334 SAR",2004,"60,568 SAR",16751,18.2,2WD,standard,Dhahran,7,1,Silver,individual,1
Masda,crossover,4,2000,"59,681 SAR",2004,"34,938 SAR",73295,12.15,2WD,standard,Dammam,7,3,Red,company,1
Fourd,sedan,4,2003,"73,890 SAR",2008,"36,501 SAR",107563,9.3,2WD,standard,Makkah,2,1,White,individual,0
Shevy,suv,4,2001,"106,532 SAR",2007,"45,542 SAR",82438,6.07,2WD,standard,Makkah,4,3,White,individual,0
Shevy,crossover,4,1990,"82,252 SAR",1997,"39,069 SAR",62412,6.67,4WD,standard,Dammam,1,1,White,individual,0
JournalMotors,suv,6,2003,"110,836 SAR",2011,"28,429 SAR",137286,4.63,2WD,standard,Dhahran,5,1,Gray,individual,0
Shevy,sedan,8,1993,"101,835 SAR",1998,"47,539 SAR",105689,2.65,4WD,premium,Dhahran,4,2,Silver,individual,1
Toyoda,suv,6,2001,"127,838 SAR",2006,"68,802 SAR",45356,10.68,2WD,premium,Makkah,6,2,White,individual,0
Toyoda,sedan,6,1995,"54,055 SAR",2004,"19,385 SAR",205166,18.53,2WD,standard,Riyadh,8,2,Brown,individual,1
Nesshan,sedan,4,2006,"67,211 SAR",2010,"43,281 SAR",42483,15.38,4WD,standard,Madinah,4,2,Black,company,1
Shevy,suv,8,1999,"102,395 SAR",2001,"63,909 SAR",21561,2.16,2WD,standard,Madinah,4,3,Red,individual,0
Wolksvagon,sedan,8,2005,"79,072 SAR",2006,"69,108 SAR",34069,8.04,4WD,standard,Madinah,3,3,Red,individual,0
JournalMotors,crossover,4,1997,"78,735 SAR",1998,"53,854 SAR",11216,5.82,2WD,standard,Jeddah,5,3,Black,individual,0
Fourd,suv,6,1998,"100,387 SAR",2005,"45,061 SAR",93797,4.38,2WD,standard,Makkah,8,2,White,individual,1
Toyoda,crossover,6,2001,"87,660 SAR",2008,"45,364 SAR",159645,10.79,4WD,standard,Dammam,6,3,Silver,individual,0
Huendae,suv,4,2004,"80,752 SAR",2006,"58,492 SAR",18805,10.64,2WD,standard,Dammam,11,3,Gray,individual,1
JournalMotors,sedan,8,2003,"73,890 SAR",2005,"46,118 SAR",43552,4.92,2WD,standard,Dhahran,4,2,Blue,individual,0
JournalMotors,suv,4,1996,"115,787 SAR",2003,"52,248 SAR",241339,4.77,4WD,standard,Madinah,2,2,Gray,individual,0
Shevy,crossover,6,1996,"108,068 SAR",1999,"64,031 SAR",59885,9.3,2WD,premium,Riyadh,11,3,Red,individual,1
Fourd,suv,4,1997,"137,787 SAR",1999,"85,999 SAR",47991,5.99,2WD,premium,Makkah,6,2,Red,individual,0
Fourd,suv,6,2005,"161,439 SAR",2010,"68,186 SAR",202047,3.76,2WD,premium,Riyadh,4,1,White,individual,0
JournalMotors,sedan,4,1998,"93,695 SAR",2001,"52,872 SAR",30842,12.14,2WD,premium,Makkah,12,3,Red,individual,0
Toyoda,suv,4,2005,"98,840 SAR",2010,"50,535 SAR",199591,10.05,2WD,standard,Jeddah,5,3,Red,individual,0
Honta,sedan,6,1996,"55,136 SAR",2002,"26,051 SAR",65138,14.67,4WD,standard,Makkah,9,3,White,company,0
Fourd,suv,4,1996,"115,787 SAR",1999,"65,338 SAR",27088,7.51,4WD,standard,Riyadh,11,1,Silver,individual,0
Huendae,crossover,4,1996,"66,164 SAR",2002,"36,472 SAR",142992,12.57,4WD,standard,Jeddah,2,2,White,company,1
Nesshan,sedan,4,2009,"83,213 SAR",2012,"57,089 SAR",51439,21.39,2WD,premium,Makkah,5,2,Silver,individual,0
Honta,sedan,6,2000,"49,734 SAR",2006,"24,804 SAR",216252,12.99,2WD,standard,Dhahran,0,2,Blue,individual,0
Toyoda,suv,6,2004,"116,283 SAR",2009,"66,060 SAR",185579,8.34,4WD,standard,Makkah,1,2,Red,individual,0
Wolksvagon,sedan,4,2000,"59,681 SAR",2002,"47,346 SAR",42084,12.29,2WD,standard,Madinah,9,3,Gray,individual,1
Masda,suv,4,2003,"79,168 SAR",2008,"38,903 SAR",88746,10.12,2WD,standard,Riyadh,6,2,Black,individual,0
Toyoda,suv,4,2003,"114,002 SAR",2011,"39,330 SAR",158323,8.35,4WD,standard,Madinah,1,3,Silver,individual,0
Honta,sedan,4,1998,"47,803 SAR",2002,"30,783 SAR",35925,22.25,2WD,standard,Madinah,6,2,Blue,company,1
Fourd,suv,4,1999,"102,395 SAR",2007,"29,182 SAR",80278,9.38,2WD,standard,Riyadh,3,3,Gray,individual,0
Fourd,sedan,6,2001,"99,430 SAR",2005,"50,157 SAR",38536,6.11,2WD,premium,Riyadh,6,2,Silver,company,0
JournalMotors,sedan,4,2000,"69,628 SAR",2006,"29,765 SAR",107594,6.5,2WD,standard,Riyadh,10,2,Silver,individual,0
Toyoda,crossover,4,2007,"115,173 SAR",2012,"61,986 SAR",46825,13.12,2WD,premium,Dammam,4,2,White,individual,0
Toyoda,crossover,6,1994,"63,595 SAR",1996,"48,049 SAR",20329,14.67,2WD,standard,Madinah,6,3,Red,company,0
Toyoda,suv,6,2004,"96,902 SAR",2007,"73,548 SAR",60859,7.62,2WD,standard,Riyadh,3,3,White,company,0
Wolksvagon,suv,4,1998,"103,255 SAR",2002,"63,052 SAR",47309,9.14,4WD,standard,Riyadh,7,2,Black,individual,0
Masda,sedan,8,2003,"63,334 SAR",2007,"35,311 SAR",84814,11.95,4WD,standard,Makkah,5,3,Gray,individual,0
Toyoda,crossover,4,1998,"68,837 SAR",2001,"57,472 SAR",67348,15.04,2WD,standard,Jeddah,1,1,Red,individual,0
JournalMotors,suv,4,2003,"133,003 SAR",2005,"87,164 SAR",46083,2.37,4WD,standard,Dammam,11,1,White,individual,1
Toyoda,sedan,6,2002,"74,511 SAR",2010,"21,978 SAR",313711,14.65,4WD,standard,Riyadh,6,1,White,individual,0
Fourd,crossover,4,1993,"87,287 SAR",1994,"66,338 SAR",9749,10.54,4WD,standard,Riyadh,2,2,Gray,individual,0
JournalMotors,suv,4,2008,"146,846 SAR",2013,"65,287 SAR",97916,3.27,4WD,standard,Dhahran,4,1,Red,individual,0
JournalMotors,suv,4,2001,"106,532 SAR",2007,"43,265 SAR",263101,5.11,2WD,standard,Madinah,9,1,Black,individual,0
Wolksvagon,suv,4,2004,"116,283 SAR",2006,"83,464 SAR",93976,8.31,4WD,standard,Makkah,10,1,Silver,company,0
Fourd,suv,6,2005,"115,313 SAR",2008,"65,071 SAR",32606,2.42,2WD,standard,Makkah,7,2,Gray,individual,0
Nesshan,crossover,4,2005,"79,072 SAR",2010,"40,604 SAR",187921,19.2,4WD,standard,Jeddah,7,2,Gray,individual,0
Geep,sedan,4,2007,"95,978 SAR",2013,"43,082 SAR",108572,5.2,4WD,standard,Riyadh,8,1,Red,individual,1
Nesshan,sedan,4,2004,"75,368 SAR",2009,"42,776 SAR",47424,15.1,2WD,premium,Jeddah,7,1,Blue,company,1
Nesshan,suv,6,2004,"96,902 SAR",2008,"51,326 SAR",74449,11.69,4WD,standard,Dammam,7,4,Brown,individual,0
BeEmW,crossover,8,1994,"74,194 SAR",1998,"37,427 SAR",84892,4.38,2WD,standard,Riyadh,10,1,Blue,individual,0
Shevy,sedan,6,2000,"69,628 SAR",2007,"31,419 SAR",89616,3.4,2WD,standard,Dhahran,3,4,Gray,company,0
Honta,crossover,4,2000,"59,681 SAR",2005,"29,327 SAR",104576,14.36,2WD,standard,Dammam,10,1,Blue,individual,0
Shevy,suv,8,2003,"110,836 SAR",2008,"49,277 SAR",107232,2.23,2WD,standard,Dhahran,4,2,Gray,individual,0
Nesshan,sedan,4,1999,"58,511 SAR",2004,"31,548 SAR",206043,23.48,4WD,standard,Madinah,4,3,Blue,individual,1
JournalMotors,suv,6,1997,"98,419 SAR",2001,"52,129 SAR",48275,4.39,2WD,standard,Madinah,4,2,Silver,individual,1
Nesshan,suv,4,2003,"95,002 SAR",2004,"75,412 SAR",21421,9.82,4WD,standard,Dammam,7,1,Blue,individual,1
Nesshan,suv,6,2001,"76,094 SAR",2004,"49,832 SAR",54992,8.5,2WD,standard,Dammam,6,3,White,individual,1
Toyoda,crossover,6,1996,"66,164 SAR",2000,"40,403 SAR",50099,10.69,2WD,standard,Jeddah,9,3,Silver,individual,0
Toyoda,sedan,4,2006,"67,211 SAR",2012,"38,164 SAR",267094,17.8,2WD,standard,Dhahran,5,1,Red,individual,1
Nesshan,suv,6,2001,"76,094 SAR",2004,"57,861 SAR",103061,15.7,2WD,standard,Dhahran,2,3,Gray,individual,1
BeEmW,crossover,4,2000,"83,554 SAR",2004,"46,832 SAR",76900,3.86,2WD,standard,Makkah,1,3,Silver,individual,0
Honta,suv,6,2006,"117,620 SAR",2010,"72,683 SAR",197179,12.16,2WD,premium,Riyadh,1,2,White,company,1
Honta,crossover,4,1999,"58,511 SAR",2005,"30,411 SAR",68331,15.6,2WD,standard,Dammam,5,2,White,individual,0
Nesshan,sedan,8,2002,"51,744 SAR",2005,"30,659 SAR",94168,14.15,2WD,standard,Makkah,8,1,White,individual,0
Toyoda,suv,4,1995,"81,083 SAR",1998,"55,387 SAR",58140,13.82,2WD,standard,Dhahran,8,1,Black,company,0
Shevy,sedan,4,2002,"101,418 SAR",2010,"28,904 SAR",83891,9.11,2WD,premium,Makkah,3,3,White,company,0
Toyoda,suv,6,2007,"102,833 SAR",2010,"70,245 SAR",54474,8.37,2WD,standard,Jeddah,9,3,Gray,individual,0
Wolksvagon,suv,4,1996,"99,246 SAR",2001,"50,743 SAR",240967,12.1,4WD,standard,Riyadh,6,1,Gray,individual,0
Toyoda,crossover,4,1997,"80,985 SAR",2000,"57,810 SAR",56767,18.7,4WD,standard,Madinah,4,4,Gray,individual,0
Shevy,crossover,8,1991,"69,914 SAR",1997,"29,888 SAR",76190,4.22,2WD,standard,Madinah,10,1,Gray,company,0
JournalMotors,crossover,4,2005,"110,701 SAR",2012,"47,324 SAR",62389,2.59,4WD,standard,Dhahran,5,3,Black,individual,0
Fourd,sedan,6,2006,"78,413 SAR",2008,"54,379 SAR",19400,5.46,2WD,standard,Makkah,1,2,Gray,individual,0
Shevy,suv,4,2006,"117,620 SAR",2011,"55,199 SAR",112605,4.28,2WD,standard,Dhahran,3,4,Silver,individual,0
Mercetes,suv,6,2006,"117,620 SAR",2013,"55,869 SAR",76672,2.12,2WD,standard,Makkah,3,2,Red,individual,0
Masda,sedan,6,1995,"45,046 SAR",1996,"34,054 SAR",8089,8.17,2WD,standard,Makkah,5,2,Blue,individual,0
Masda,crossover,4,2007,"68,555 SAR",2012,"41,071 SAR",216536,20.97,2WD,standard,Jeddah,2,1,Blue,individual,1
Honta,sedan,4,2003,"63,334 SAR",2006,"43,342 SAR",148063,16.54,4WD,standard,Makkah,11,3,Blue,individual,1
Fourd,sedan,4,1999,"81,916 SAR",2001,"51,000 SAR",90417,6.21,4WD,standard,Makkah,6,2,White,individual,1
Wolksvagon,sedan,8,2005,"65,893 SAR",2012,"34,099 SAR",134720,8.01,2WD,standard,Dammam,9,2,Red,company,0
JournalMotors,sedan,4,2005,"76,875 SAR",2006,"52,582 SAR",22112,12.54,2WD,standard,Madinah,13,1,White,individual,0
Fourd,crossover,4,2001,"85,225 SAR",2009,"20,767 SAR",56936,10.44,2WD,standard,Jeddah,5,4,Silver,individual,0
Masda,sedan,4,2005,"92,251 SAR",2006,"76,715 SAR",12699,19.16,4WD,premium,Madinah,7,1,Black,individual,0
Masda,suv,4,1999,"73,139 SAR",2007,"21,771 SAR",115523,8.67,2WD,standard,Dhahran,5,2,Silver,individual,1
Fourd,sedan,4,2001,"71,021 SAR",2006,"31,575 SAR",85717,7.33,2WD,standard,Riyadh,6,1,Silver,company,0
Shevy,sedan,4,2005,"92,251 SAR",2010,"38,964 SAR",248762,6.8,4WD,standard,Dammam,5,3,Black,individual,0
Toyoda,sedan,4,2005,"65,893 SAR",2014,"23,756 SAR",388715,21.21,2WD,standard,Makkah,3,2,Black,individual,0
Honta,sedan,4,1999,"48,759 SAR",2002,"33,452 SAR",48340,19.94,2WD,standard,Jeddah,9,3,Black,individual,0
Honta,crossover,4,2006,"67,211 SAR",2012,"34,932 SAR",56822,16.93,2WD,standard,Dammam,5,2,Black,individual,0
Fourd,suv,4,2000,"104,443 SAR",2003,"58,789 SAR",123632,4.53,2WD,standard,Dammam,4,2,Black,individual,1
Toyoda,sedan,6,1995,"64,866 SAR",1999,"39,610 SAR",78625,11.48,4WD,standard,Makkah,8,3,Gray,individual,0
Nesshan,crossover,4,2006,"67,211 SAR",2011,"33,027 SAR",99285,10.97,2WD,standard,Riyadh,6,3,Black,individual,0
Toyoda,suv,4,1999,"87,767 SAR",1999,"65,403 SAR",940,8.31,2WD,standard,Riyadh,5,1,Silver,company,0
Fourd,suv,4,1996,"135,085 SAR",2001,"60,058 SAR",43591,3.8,2WD,premium,Makkah,5,1,Gray,company,0
Shevy,crossover,4,1998,"80,310 SAR",2001,"45,205 SAR",125127,5.79,2WD,standard,Dammam,6,2,Black,individual,1
Honta,suv,4,1999,"73,139 SAR",2007,"20,734 SAR",155204,9.99,2WD,standard,Dammam,7,3,Black,individual,0
Mercetes,sedan,4,2001,"71,021 SAR",2005,"39,807 SAR",38691,6.91,2WD,standard,Jeddah,1,1,Gray,individual,0
Huendae,sedan,4,1991,"41,616 SAR",1992,"38,453 SAR",23309,23.61,2WD,standard,Madinah,3,1,Gray,individual,0
Fourd,suv,4,2006,"197,602 SAR",2011,"92,246 SAR",96569,4.78,4WD,premium,Dhahran,11,1,White,individual,1
Shevy,sedan,6,2002,"86,930 SAR",2009,"35,304 SAR",242309,9.08,4WD,standard,Dammam,11,1,Silver,company,0
Huendae,crossover,4,1992,"50,937 SAR",1998,"22,864 SAR",254444,13.07,2WD,standard,Dammam,5,1,Black,individual,0
Nesshan,suv,8,1998,"100,387 SAR",2001,"69,568 SAR",53300,8.66,2WD,premium,Dhahran,0,2,Red,individual,0
JournalMotors,sedan,8,1998,"80,310 SAR",2003,"35,705 SAR",93637,5.72,4WD,standard,Dammam,4,2,Gray,individual,0
BeEmW,suv,4,2004,"135,663 SAR",2009,"70,368 SAR",116020,4.78,4WD,standard,Riyadh,1,3,White,individual,1
Fourd,sedan,4,1996,"90,056 SAR",2000,"50,476 SAR",89261,6.7,2WD,premium,Jeddah,0,2,Red,individual,0
Huendae,sedan,4,1994,"74,194 SAR",1996,"56,301 SAR",25017,21.95,4WD,premium,Jeddah,6,1,Silver,individual,0
Huendae,sedan,6,2003,"73,890 SAR",2006,"50,566 SAR",48429,17.04,2WD,premium,Makkah,5,4,Blue,company,1
Toyoda,crossover,4,1997,"67,487 SAR",1997,"55,320 SAR",1015,16.08,2WD,standard,Dammam,13,2,Silver,individual,0
Toyoda,sedan,6,2004,"77,522 SAR",2007,"58,250 SAR",54329,16.7,4WD,standard,Dhahran,4,3,Black,individual,0
BeEmW,suv,8,2007,"119,972 SAR",2015,"30,772 SAR",66553,3.54,2WD,standard,Dhahran,6,1,Silver,individual,0
Fourd,sedan,6,1999,"68,263 SAR",2004,"30,349 SAR",90808,5.6,2WD,standard,Jeddah,6,3,White,individual,0
Fourd,suv,4,2006,"117,620 SAR",2012,"50,282 SAR",114487,6.98,2WD,standard,Dhahran,7,1,Gray,individual,0
Geep,suv,4,2004,"113,052 SAR",2008,"57,029 SAR",59620,3.35,2WD,standard,Makkah,13,1,Gray,company,0
Huendae,sedan,4,2007,"68,555 SAR",2009,"52,021 SAR",33382,20.45,4WD,standard,Makkah,5,3,Silver,individual,0
Mercetes,sedan,4,2001,"85,225 SAR",2006,"39,785 SAR",104536,9.23,4WD,standard,Makkah,6,2,White,individual,1
Fourd,suv,6,2004,"135,663 SAR",2009,"57,299 SAR",191951,5.22,4WD,standard,Jeddah,9,2,Silver,individual,0
Fourd,sedan,4,2001,"85,225 SAR",2003,"59,103 SAR",27190,7.23,4WD,standard,Jeddah,3,2,White,individual,0
JournalMotors,suv,8,2004,"113,052 SAR",2009,"52,776 SAR",59658,3.58,2WD,standard,Jeddah,5,2,Silver,company,1
Fourd,suv,6,1999,"102,395 SAR",2000,"77,820 SAR",14043,4.4,2WD,standard,Dammam,3,3,White,individual,0
JournalMotors,sedan,8,2004,"75,368 SAR",2008,"39,920 SAR",65772,3.21,2WD,standard,Dhahran,5,1,Gray,company,1
Masda,sedan,8,2005,"54,911 SAR",2009,"30,615 SAR",86468,7.91,2WD,standard,Dhahran,8,2,Red,company,0
Wolksvagon,crossover,4,2009,"85,590 SAR",2015,"49,214 SAR",135019,13.55,2WD,standard,Makkah,3,1,White,individual,0
Honta,sedan,4,1995,"54,055 SAR",2001,"26,690 SAR",262595,28.61,4WD,standard,Riyadh,11,2,Brown,individual,0
Shevy,sedan,6,2005,"92,251 SAR",2010,"45,458 SAR",232369,6.26,4WD,standard,Makkah,1,2,White,individual,1
Honta,suv,4,2001,"106,532 SAR",2006,"60,783 SAR",49856,16.14,2WD,premium,Dammam,3,4,Black,company,0
Huendae,sedan,4,1995,"63,065 SAR",1997,"53,173 SAR",39983,22.06,2WD,premium,Jeddah,1,2,White,individual,0
JournalMotors,crossover,4,2002,"86,930 SAR",2008,"35,216 SAR",295911,9.2,2WD,standard,Dammam,9,4,White,individual,1
Fourd,sedan,6,2000,"97,480 SAR",2003,"52,257 SAR",61912,3.88,2WD,premium,Jeddah,5,4,Silver,individual,0
Mercetes,sedan,4,2002,"86,930 SAR",2005,"46,601 SAR",117605,12.38,4WD,standard,Jeddah,4,2,Gray,individual,0
Toyoda,sedan,4,2006,"67,211 SAR",2011,"34,364 SAR",212378,9.9,2WD,standard,Madinah,8,1,Black,individual,0
Masda,crossover,8,2001,"73,050 SAR",2009,"19,674 SAR",349860,7.53,4WD,standard,Dhahran,5,1,Blue,individual,0
Wolksvagon,sedan,4,2004,"108,530 SAR",2006,"100,222 SAR",37937,17.59,4WD,premium,Dhahran,3,3,Silver,individual,0
Huendae,suv,4,2000,"104,443 SAR",2005,"59,877 SAR",101933,11.14,2WD,premium,Madinah,1,3,Black,individual,1
Toyoda,sedan,8,2003,"76,001 SAR",2008,"47,721 SAR",103421,11.78,4WD,standard,Riyadh,3,3,Blue,individual,1
Wolksvagon,suv,4,2007,"102,833 SAR",2008,"80,888 SAR",48140,8.54,2WD,standard,Dammam,9,2,White,company,0
Masda,suv,4,1998,"71,705 SAR",2003,"35,235 SAR",45490,7.55,2WD,standard,Makkah,8,1,Blue,individual,0
Shevy,sedan,8,2000,"69,628 SAR",2007,"29,765 SAR",56948,5.72,2WD,standard,Madinah,8,3,Gray,individual,0
Nesshan,sedan,8,2003,"52,779 SAR",2008,"25,935 SAR",58021,11.69,2WD,standard,Dammam,5,2,Gray,individual,0
JournalMotors,crossover,6,1999,"98,299 SAR",2001,"61,353 SAR",22700,5.42,4WD,standard,Dhahran,8,3,Black,individual,0
Wolksvagon,suv,8,2001,"127,838 SAR",2003,"91,529 SAR",89461,6.62,2WD,premium,Jeddah,10,4,White,individual,1
Fourd,sedan,4,2006,"78,413 SAR",2008,"48,941 SAR",20089,6.59,2WD,standard,Madinah,7,1,Blue,individual,0
Nesshan,sedan,4,2005,"92,251 SAR",2013,"30,206 SAR",88005,21.88,4WD,premium,Jeddah,12,3,Gray,individual,1
Toyoda,crossover,4,2002,"74,511 SAR",2009,"38,559 SAR",85314,12.45,2WD,standard,Jeddah,8,2,Silver,individual,0
BeEmW,sedan,4,2007,"79,981 SAR",2012,"37,337 SAR",85384,7.31,2WD,standard,Dammam,4,2,Gray,individual,1
Fourd,sedan,4,2006,"78,413 SAR",2010,"39,555 SAR",72536,9.19,2WD,standard,Dammam,6,2,Silver,company,0
Nesshan,sedan,6,2000,"69,628 SAR",2005,"34,215 SAR",88127,13.35,2WD,premium,Dammam,11,2,White,individual,0
Huendae,crossover,6,2002,"62,093 SAR",2003,"46,942 SAR",17265,13.81,2WD,standard,Madinah,4,2,Blue,individual,0
Huendae,suv,6,2007,"85,694 SAR",2008,"71,982 SAR",17152,10.96,2WD,standard,Madinah,3,1,Red,individual,0
JournalMotors,suv,4,1997,"98,419 SAR",2002,"51,049 SAR",48626,6.16,2WD,standard,Dhahran,1,2,Red,company,1
Shevy,crossover,4,2007,"134,369 SAR",2013,"63,665 SAR",251019,3.29,2WD,premium,Makkah,3,1,Blue,individual,1
JournalMotors,suv,6,2005,"115,313 SAR",2009,"55,261 SAR",160847,3.08,2WD,standard,Makkah,5,3,Blue,company,0
JournalMotors,sedan,8,2001,"85,225 SAR",2008,"32,881 SAR",286921,3.65,4WD,standard,Riyadh,5,4,Silver,individual,0
Fourd,suv,4,2000,"104,443 SAR",2004,"50,051 SAR",156023,4.31,2WD,standard,Madinah,5,2,Gray,individual,0
Fourd,suv,8,1998,"100,387 SAR",2001,"56,648 SAR",30748,2.12,2WD,standard,Dhahran,8,2,White,individual,0
Huendae,sedan,4,2001,"50,729 SAR",2007,"26,366 SAR",105457,19.43,2WD,standard,Dhahran,5,2,Silver,individual,0
Shevy,sedan,6,2007,"79,981 SAR",2012,"35,470 SAR",180284,5.82,2WD,standard,Makkah,6,2,Silver,individual,1
Fourd,suv,6,2003,"110,836 SAR",2008,"51,741 SAR",123797,6.66,2WD,standard,Jeddah,10,3,Silver,individual,1
JournalMotors,sedan,4,1999,"81,916 SAR",2002,"48,793 SAR",145774,9.44,4WD,standard,Madinah,1,2,Silver,individual,0
Masda,sedan,6,1998,"47,803 SAR",2004,"22,586 SAR",42563,10.96,2WD,standard,Madinah,7,2,White,individual,0
Toyoda,suv,6,2004,"96,902 SAR",2007,"69,871 SAR",108440,8.67,2WD,standard,Madinah,2,3,White,individual,0
Huendae,sedan,4,2005,"54,911 SAR",2014,"17,123 SAR",79356,22.46,2WD,standard,Dammam,11,2,Gray,individual,0
Toyoda,suv,4,2009,"128,385 SAR",2015,"73,636 SAR",52328,6.22,4WD,standard,Madinah,3,4,Silver,individual,1
Shevy,suv,4,2006,"117,620 SAR",2011,"61,009 SAR",43352,7.38,2WD,standard,Makkah,1,2,Gray,individual,1
Fourd,suv,6,1999,"122,874 SAR",2001,"76,500 SAR",91601,6.01,4WD,standard,Makkah,8,1,Blue,individual,1
Nesshan,sedan,4,1998,"47,803 SAR",1999,"41,961 SAR",16611,23.77,2WD,standard,Makkah,2,4,White,individual,0
Toyoda,suv,6,1995,"81,083 SAR",2000,"43,638 SAR",110996,6.69,2WD,standard,Dammam,5,2,Black,individual,0
JournalMotors,sedan,4,2003,"88,668 SAR",2008,"39,323 SAR",81416,6.93,4WD,standard,Jeddah,13,4,Black,company,1
Fourd,sedan,4,1995,"63,065 SAR",1999,"31,813 SAR",45379,9.81,2WD,standard,Madinah,6,3,Silver,company,0
Huendae,sedan,4,2005,"54,911 SAR",2011,"25,945 SAR",116667,14.7,2WD,standard,Madinah,5,2,Blue,individual,0
Huendae,crossover,8,2001,"102,271 SAR",2006,"50,255 SAR",32071,8.69,4WD,premium,Dhahran,4,1,Silver,company,0
Nesshan,suv,8,2004,"80,752 SAR",2010,"40,063 SAR",122949,8.84,2WD,standard,Dammam,5,2,White,individual,1
Mercetes,crossover,4,1991,"97,880 SAR",1999,"23,850 SAR",150930,6.01,2WD,premium,Dammam,4,4,Black,individual,0
JournalMotors,suv,4,1996,"96,489 SAR",2002,"43,540 SAR",269690,5.9,2WD,standard,Riyadh,3,2,Gray,individual,0
JournalMotors,crossover,4,2009,"99,855 SAR",2017,"28,458 SAR",60695,6.66,2WD,standard,Riyadh,2,2,Black,individual,0
JournalMotors,sedan,4,1992,"59,427 SAR",1994,"35,236 SAR",72766,12.28,2WD,standard,Dammam,9,2,Black,individual,0
Shevy,suv,8,1997,"118,103 SAR",1998,"76,743 SAR",10988,2.34,4WD,standard,Jeddah,4,4,Gray,individual,0
Fourd,sedan,4,2003,"73,890 SAR",2009,"31,587 SAR",82875,7.95,2WD,standard,Dammam,8,2,White,individual,0
Shevy,sedan,4,1993,"84,862 SAR",1998,"35,843 SAR",173652,11.47,2WD,premium,Jeddah,6,1,Silver,company,0
Honta,sedan,6,2004,"53,834 SAR",2008,"30,015 SAR",69400,13.51,2WD,standard,Jeddah,6,2,White,company,0
JournalMotors,suv,6,2005,"115,313 SAR",2010,"48,704 SAR",90190,5.68,2WD,standard,Dhahran,5,4,White,individual,0
Toyoda,crossover,4,2002,"74,511 SAR",2005,"50,898 SAR",34441,12.41,2WD,standard,Dammam,7,3,Black,individual,0
Fourd,sedan,6,2000,"69,628 SAR",2006,"34,726 SAR",98973,9.36,2WD,standard,Madinah,2,2,White,company,1
Fourd,sedan,8,2002,"72,441 SAR",2006,"40,603 SAR",78011,7.25,2WD,standard,Jeddah,2,1,White,company,0
Masda,suv,6,2000,"74,602 SAR",2007,"33,486 SAR",317576,9.46,2WD,standard,Makkah,10,3,Blue,individual,0
Honta,suv,8,2003,"79,168 SAR",2009,"37,406 SAR",115298,8.12,2WD,standard,Madinah,12,2,Silver,individual,0
Masda,sedan,8,2004,"53,834 SAR",2009,"26,454 SAR",99096,9.79,2WD,standard,Riyadh,5,3,Black,individual,0
JournalMotors,suv,4,1992,"89,141 SAR",1993,"64,021 SAR",21895,2.28,2WD,standard,Madinah,4,2,Gray,individual,1
Masda,suv,6,2005,"82,367 SAR",2009,"45,808 SAR",167671,7.32,2WD,standard,Dhahran,4,3,Red,individual,1
Nesshan,crossover,8,1995,"54,055 SAR",1996,"40,865 SAR",12334,9.55,2WD,standard,Madinah,5,3,Blue,individual,0
Honta,suv,4,1999,"73,139 SAR",2002,"53,219 SAR",23018,9.74,2WD,standard,Makkah,2,2,Silver,company,1
Huendae,suv,4,1999,"87,767 SAR",2003,"53,827 SAR",45286,17.09,4WD,standard,Jeddah,7,1,Blue,company,0
Honta,suv,4,1995,"113,517 SAR",2000,"61,207 SAR",105163,17.5,4WD,premium,Madinah,4,4,Black,individual,1
Toyoda,crossover,8,2009,"143,792 SAR",2012,"93,313 SAR",151653,9.35,4WD,premium,Riyadh,1,4,Red,individual,0
Shevy,suv,4,2005,"161,439 SAR",2008,"95,920 SAR",140777,3.19,2WD,premium,Jeddah,2,4,White,individual,1
Mercetes,suv,4,2005,"115,313 SAR",2011,"51,761 SAR",54693,4.22,2WD,standard,Makkah,14,1,Silver,company,1
Shevy,sedan,6,2007,"111,974 SAR",2014,"47,868 SAR",145763,8.88,2WD,premium,Jeddah,12,3,Brown,individual,0
Toyoda,sedan,4,2006,"67,211 SAR",2013,"38,259 SAR",136752,16.51,2WD,standard,Riyadh,4,1,Gray,individual,0
Wolksvagon,suv,4,2005,"98,840 SAR",2007,"82,976 SAR",22016,8.68,2WD,standard,Dhahran,3,2,Silver,company,0
BeEmW,crossover,4,2001,"102,271 SAR",2005,"51,461 SAR",164858,5.93,4WD,standard,Riyadh,10,2,Red,individual,1
Nesshan,sedan,8,2008,"58,272 SAR",2009,"44,053 SAR",20194,13.21,2WD,standard,Dammam,5,3,White,individual,0
Fourd,suv,8,2005,"138,376 SAR",2010,"61,521 SAR",58593,4.41,4WD,standard,Dhahran,4,1,Blue,individual,0
Masda,suv,8,1995,"113,517 SAR",1997,"82,225 SAR",36292,4.05,4WD,premium,Makkah,4,3,Blue,individual,1
Nesshan,sedan,6,2004,"53,834 SAR",2008,"35,017 SAR",75776,13.07,2WD,standard,Dammam,1,3,Black,individual,1
Toyoda,crossover,4,2000,"71,618 SAR",2004,"43,733 SAR",33192,14.63,2WD,standard,Makkah,6,1,Gray,individual,0
Fourd,crossover,4,1996,"108,068 SAR",2003,"48,509 SAR",73218,10.06,2WD,premium,Dhahran,12,2,Gray,individual,1
Toyoda,sedan,4,1996,"77,191 SAR",2001,"39,466 SAR",186203,12.96,2WD,premium,Dhahran,4,2,Silver,individual,0
Masda,sedan,6,2005,"54,911 SAR",2012,"25,945 SAR",64826,11.02,2WD,standard,Riyadh,9,2,Silver,individual,0
Toyoda,suv,4,2005,"138,376 SAR",2009,"84,499 SAR",83513,11.01,2WD,premium,Madinah,8,3,Blue,individual,0
JournalMotors,suv,4,2005,"138,376 SAR",2011,"59,007 SAR",203237,5.93,4WD,standard,Jeddah,4,2,Gray,individual,1
Honta,suv,4,2004,"80,752 SAR",2008,"45,023 SAR",88295,11.98,2WD,standard,Madinah,5,2,Black,individual,0
Shevy,sedan,6,2003,"73,890 SAR",2004,"58,964 SAR",16305,8.04,2WD,standard,Riyadh,2,2,Blue,individual,1
Masda,suv,6,2009,"124,819 SAR",2016,"56,028 SAR",265137,9.65,2WD,premium,Madinah,11,2,Gray,individual,0
JournalMotors,sedan,4,1996,"64,326 SAR",1998,"38,141 SAR",76265,7.7,2WD,standard,Dammam,7,2,Gray,individual,0
Fourd,suv,4,2007,"167,961 SAR",2009,"104,832 SAR",42458,3.44,2WD,premium,Dhahran,10,1,Red,company,0
Fourd,suv,4,2006,"141,144 SAR",2010,"71,200 SAR",42210,4.03,4WD,standard,Dhahran,7,1,Black,individual,0
Fourd,sedan,4,1998,"112,434 SAR",2005,"50,468 SAR",66688,8.29,4WD,premium,Makkah,12,2,White,individual,1
Toyoda,suv,8,2006,"100,817 SAR",2010,"61,563 SAR",53244,5.6,2WD,standard,Madinah,7,2,Silver,individual,0
Nesshan,sedan,6,1994,"74,194 SAR",1997,"50,902 SAR",55282,20.52,4WD,premium,Makkah,4,2,Red,individual,0
Honta,crossover,4,1991,"59,927 SAR",1996,"34,012 SAR",106243,19.03,4WD,standard,Dammam,13,2,Gray,individual,1
Honta,suv,6,2002,"108,662 SAR",2007,"53,396 SAR",87442,7.05,2WD,premium,Dhahran,13,3,Gray,individual,0
Masda,sedan,6,2001,"50,729 SAR",2002,"38,351 SAR",19997,12.37,2WD,standard,Madinah,9,3,Black,company,0
Shevy,suv,6,1998,"120,465 SAR",2004,"51,498 SAR",109804,2.19,4WD,standard,Makkah,7,2,Silver,individual,0
Huendae,sedan,6,2007,"57,129 SAR",2012,"29,476 SAR",56747,13.45,2WD,standard,Dhahran,10,3,Black,individual,1
Shevy,sedan,8,2004,"105,516 SAR",2009,"46,912 SAR",99620,5.79,2WD,premium,Makkah,5,2,White,individual,0
JournalMotors,suv,4,1995,"132,436 SAR",2000,"58,881 SAR",105197,6.13,2WD,premium,Makkah,4,1,Gray,individual,0
JournalMotors,crossover,6,1999,"114,682 SAR",2003,"58,012 SAR",185323,9.0,2WD,premium,Jeddah,2,4,Black,individual,0
Fourd,sedan,4,1993,"60,616 SAR",2001,"16,325 SAR",150860,4.66,2WD,standard,Makkah,4,1,White,individual,1
Masda,crossover,8,2006,"67,211 SAR",2009,"41,919 SAR",73678,9.76,2WD,standard,Madinah,9,2,Blue,individual,0
Toyoda,suv,4,2003,"95,002 SAR",2011,"29,424 SAR",357950,11.69,2WD,standard,Dammam,4,3,Silver,individual,1
Fourd,crossover,4,1996,"108,068 SAR",1999,"60,982 SAR",32191,7.93,2WD,premium,Dammam,9,2,White,individual,0
Fourd,sedan,4,2005,"92,251 SAR",2008,"52,057 SAR",59304,5.73,4WD,standard,Riyadh,7,1,Black,individual,0
Huendae,sedan,6,1996,"45,947 SAR",2001,"26,078 SAR",97157,17.73,2WD,standard,Riyadh,9,1,Black,individual,1
Wolksvagon,suv,4,1998,"86,046 SAR",2003,"46,194 SAR",248371,6.77,2WD,standard,Madinah,6,3,Gray,company,1
Honta,sedan,4,2000,"69,628 SAR",2003,"55,731 SAR",25258,15.86,2WD,premium,Riyadh,3,1,White,company,1
Honta,sedan,6,2001,"50,729 SAR",2004,"30,057 SAR",144831,14.9,2WD,standard,Jeddah,6,3,White,individual,0
Shevy,sedan,4,1996,"64,326 SAR",2003,"27,499 SAR",72843,5.76,2WD,standard,Riyadh,6,2,Black,company,0
Fourd,suv,4,2000,"104,443 SAR",2005,"48,757 SAR",107621,6.92,2WD,standard,Riyadh,8,1,Black,company,1
Toyoda,crossover,4,2005,"94,886 SAR",2010,"51,067 SAR",43155,11.22,4WD,standard,Dammam,7,2,Red,individual,0
Masda,sedan,8,2004,"53,834 SAR",2009,"26,454 SAR",117487,10.06,2WD,standard,Dammam,8,1,Brown,individual,0
Honta,suv,4,1996,"82,705 SAR",1999,"51,726 SAR",107580,8.59,4WD,standard,Makkah,3,4,Blue,individual,0
Nesshan,crossover,4,2004,"64,601 SAR",2007,"46,783 SAR",128767,22.29,2WD,standard,Dammam,3,2,Silver,individual,0
Masda,crossover,6,1997,"56,239 SAR",1999,"40,542 SAR",68128,15.62,2WD,standard,Makkah,5,2,Silver,individual,0
Toyoda,suv,4,1999,"147,449 SAR",2006,"76,304 SAR",60814,11.07,4WD,premium,Riyadh,4,2,Gray,individual,0
Fourd,crossover,4,2002,"121,702 SAR",2004,"72,162 SAR",99885,7.91,2WD,premium,Jeddah,5,2,White,individual,0
Shevy,sedan,8,2003,"73,890 SAR",2010,"36,852 SAR",78039,5.8,2WD,standard,Jeddah,0,1,White,individual,1
Fourd,crossover,8,1993,"72,739 SAR",1999,"31,018 SAR",278760,3.98,2WD,standard,Riyadh,4,3,Blue,individual,1
Toyoda,sedan,8,1990,"48,960 SAR",1998,"16,891 SAR",159362,10.02,2WD,standard,Makkah,3,1,Silver,individual,0
Toyoda,suv,8,1998,"120,465 SAR",2001,"86,404 SAR",56655,5.95,2WD,premium,Makkah,12,2,Blue,individual,1
Fourd,suv,6,2003,"110,836 SAR",2007,"55,911 SAR",71505,2.65,2WD,standard,Riyadh,7,3,Blue,individual,0
Fourd,suv,8,1997,"98,419 SAR",2001,"47,165 SAR",79357,3.79,2WD,standard,Madinah,9,4,Black,individual,0
Masda,crossover,4,2005,"65,893 SAR",2012,"36,323 SAR",138612,14.06,2WD,standard,Makkah,1,1,Red,company,1
Shevy,sedan,4,2004,"75,368 SAR",2004,"46,396 SAR",932,3.83,2WD,standard,Riyadh,6,3,Black,individual,0
Geep,crossover,6,2004,"126,619 SAR",2010,"54,129 SAR",133406,3.92,2WD,premium,Dhahran,5,3,Red,individual,0
JournalMotors,suv,6,2003,"110,836 SAR",2010,"42,644 SAR",366804,3.77,2WD,standard,Madinah,8,1,Red,individual,0
Honta,suv,6,2001,"76,094 SAR",2009,"20,442 SAR",335187,5.58,2WD,standard,Dammam,7,4,Gray,individual,1
Shevy,sedan,4,1999,"81,916 SAR",2005,"35,019 SAR",51450,7.46,4WD,standard,Jeddah,7,1,White,individual,0
JournalMotors,sedan,4,2001,"71,021 SAR",2005,"34,035 SAR",157664,6.03,2WD,standard,Makkah,10,2,Red,individual,0
JournalMotors,sedan,4,2000,"69,628 SAR",2003,"43,656 SAR",65997,10.96,2WD,standard,Makkah,2,1,White,individual,0
Fourd,sedan,4,1993,"84,862 SAR",1996,"55,868 SAR",57221,4.54,2WD,premium,Riyadh,3,2,Silver,individual,1
Fourd,suv,4,2005,"115,313 SAR",2008,"72,301 SAR",30194,3.15,2WD,standard,Dhahran,2,3,Red,individual,0
Toyoda,sedan,4,2003,"63,334 SAR",2008,"37,494 SAR",48013,15.96,2WD,standard,Dammam,8,1,Silver,individual,0
Shevy,crossover,4,1991,"97,880 SAR",1995,"51,844 SAR",72221,6.24,2WD,premium,Dammam,7,2,Gray,individual,1
Huendae,crossover,4,2002,"74,511 SAR",2008,"37,162 SAR",225900,12.41,4WD,standard,Jeddah,1,1,Red,individual,0
Nesshan,sedan,8,2003,"52,779 SAR",2004,"44,334 SAR",17653,8.17,2WD,standard,Madinah,3,1,White,individual,0
Shevy,sedan,4,1994,"61,828 SAR",2001,"26,365 SAR",319758,3.38,2WD,standard,Dammam,11,2,Silver,individual,1
Toyoda,crossover,8,2000,"71,618 SAR",2004,"43,733 SAR",67070,11.1,2WD,standard,Jeddah,7,2,Gray,company,0
Honta,sedan,6,2000,"49,734 SAR",2005,"26,883 SAR",53433,19.31,2WD,standard,Jeddah,7,2,Brown,individual,0
Masda,crossover,8,2002,"74,511 SAR",2009,"39,118 SAR",114514,5.96,4WD,standard,Makkah,1,2,Red,individual,0
Huendae,suv,4,2000,"74,602 SAR",2005,"34,826 SAR",175815,14.56,2WD,standard,Dammam,4,2,Black,individual,0
Honta,sedan,6,1998,"47,803 SAR",2002,"30,946 SAR",40425,18.45,2WD,standard,Riyadh,1,4,Black,individual,0
Toyoda,crossover,4,2000,"71,618 SAR",2003,"51,368 SAR",30260,10.57,2WD,standard,Madinah,4,2,Brown,individual,1
Fourd,sedan,4,1992,"59,427 SAR",1995,"35,211 SAR",55042,10.87,2WD,standard,Dhahran,5,3,Gray,individual,1
JournalMotors,suv,4,2002,"182,553 SAR",2005,"120,183 SAR",50947,5.49,4WD,premium,Madinah,3,3,Gray,individual,1
Geep,suv,4,2006,"117,620 SAR",2013,"50,282 SAR",83831,2.96,2WD,standard,Madinah,13,2,Black,company,0
Toyoda,sedan,4,1998,"57,364 SAR",2000,"52,972 SAR",46390,19.84,2WD,standard,Makkah,1,1,White,individual,0
Honta,sedan,4,2003,"52,779 SAR",2004,"43,781 SAR",33900,22.27,2WD,standard,Dhahran,11,2,White,company,1
Honta,suv,4,1995,"67,569 SAR",2003,"19,155 SAR",95258,11.62,2WD,standard,Madinah,9,1,Silver,individual,0
Fourd,suv,8,1995,"113,517 SAR",1999,"57,120 SAR",155697,3.47,4WD,standard,Dammam,11,2,Black,individual,1
Toyoda,sedan,4,2002,"86,930 SAR",2003,"79,175 SAR",21674,16.21,2WD,premium,Madinah,4,1,White,individual,0
Toyoda,sedan,4,1997,"67,487 SAR",2000,"51,222 SAR",60177,14.35,4WD,standard,Jeddah,3,3,Black,individual,0
Honta,crossover,4,2005,"65,893 SAR",2009,"38,391 SAR",34286,16.85,2WD,standard,Riyadh,11,4,Blue,individual,0
Shevy,suv,4,2000,"146,220 SAR",2003,"86,637 SAR",26677,5.79,2WD,premium,Madinah,6,2,Blue,individual,1
JournalMotors,suv,6,2005,"115,313 SAR",2011,"49,296 SAR",58631,2.95,2WD,standard,Riyadh,12,2,Gray,individual,0
Toyoda,sedan,8,2000,"71,618 SAR",2002,"54,110 SAR",21864,7.96,4WD,standard,Dammam,8,2,White,individual,0
Toyoda,crossover,6,2002,"125,179 SAR",2009,"71,258 SAR",99473,15.74,4WD,premium,Madinah,11,3,Gray,individual,0
JournalMotors,sedan,6,2007,"79,981 SAR",2015,"20,515 SAR",113147,6.08,2WD,standard,Dammam,14,2,White,individual,0
Toyoda,suv,4,1995,"81,083 SAR",1997,"68,069 SAR",20550,11.8,2WD,standard,Riyadh,2,1,White,individual,0
Shevy,suv,4,1995,"94,597 SAR",1998,"50,712 SAR",127587,3.96,2WD,standard,Dhahran,4,2,Black,individual,0
Huendae,sedan,4,2005,"54,911 SAR",2009,"31,993 SAR",159177,17.54,2WD,standard,Madinah,8,2,Black,company,0
Huendae,crossover,4,1999,"58,511 SAR",2007,"16,546 SAR",362339,14.31,2WD,standard,Madinah,11,2,Silver,company,1
Nesshan,sedan,4,2004,"53,834 SAR",2009,"33,949 SAR",52637,17.78,2WD,standard,Dhahran,1,3,Black,individual,1
Fourd,sedan,4,1993,"60,616 SAR",1995,"37,833 SAR",32656,9.73,2WD,standard,Dammam,8,2,Gray,company,0
Toyoda,sedan,4,2005,"65,893 SAR",2013,"20,459 SAR",158003,13.74,2WD,standard,Dhahran,6,3,Silver,individual,0
Geep,sedan,4,1997,"78,735 SAR",2000,"44,319 SAR",65616,7.26,4WD,standard,Makkah,9,4,Silver,individual,1
Wolksvagon,sedan,8,1998,"80,310 SAR",2003,"48,025 SAR",109478,6.46,2WD,premium,Madinah,2,2,White,individual,0
Toyoda,sedan,4,2006,"80,653 SAR",2006,"66,112 SAR",841,20.04,4WD,standard,Dammam,4,1,Gray,individual,0
Toyoda,suv,4,2001,"91,313 SAR",2004,"69,306 SAR",51299,11.89,2WD,standard,Dammam,0,1,Black,individual,0
Fourd,crossover,8,2004,"151,943 SAR",2009,"67,553 SAR",43171,1.88,4WD,premium,Dhahran,8,2,Black,individual,0
JournalMotors,sedan,4,2005,"76,875 SAR",2012,"31,220 SAR",288218,11.2,2WD,standard,Dhahran,7,2,Black,individual,0
Shevy,suv,4,1997,"165,344 SAR",2001,"83,199 SAR",170441,2.55,4WD,premium,Dhahran,4,1,Blue,individual,1
Nesshan,sedan,4,2004,"53,834 SAR",2009,"32,332 SAR",106159,15.16,2WD,standard,Dhahran,3,1,Red,individual,0
Toyoda,crossover,6,1997,"67,487 SAR",2002,"38,339 SAR",94149,12.19,2WD,standard,Jeddah,1,4,Black,individual,0
Fourd,crossover,4,2003,"124,136 SAR",2004,"84,909 SAR",17957,10.45,2WD,premium,Makkah,8,2,Gray,individual,0
Toyoda,crossover,4,1998,"96,372 SAR",2005,"52,366 SAR",158306,10.87,2WD,premium,Dammam,6,1,White,company,1
Huendae,suv,4,1997,"70,299 SAR",2001,"39,195 SAR",84210,12.55,2WD,standard,Riyadh,4,1,Silver,individual,0
Geep,suv,4,2001,"106,532 SAR",2003,"66,491 SAR",39858,5.25,2WD,standard,Jeddah,6,2,White,individual,0
Shevy,crossover,8,1993,"72,739 SAR",1995,"47,670 SAR",19289,2.61,2WD,standard,Riyadh,5,1,Black,individual,1
JournalMotors,sedan,4,1996,"64,326 SAR",1997,"39,599 SAR",52460,11.59,2WD,standard,Jeddah,11,1,Brown,individual,0
Toyoda,sedan,4,2007,"68,555 SAR",2011,"41,863 SAR",40241,14.1,2WD,standard,Dammam,10,3,Gray,individual,0
Masda,suv,8,1995,"67,569 SAR",2002,"31,926 SAR",60864,4.02,2WD,standard,Madinah,10,2,Black,individual,0
Toyoda,sedan,4,1996,"55,136 SAR",2003,"31,307 SAR",259851,20.28,2WD,standard,Dammam,8,2,Blue,individual,1
Huendae,crossover,4,1997,"56,239 SAR",2003,"30,691 SAR",55349,15.13,2WD,standard,Madinah,9,2,Black,individual,1
JournalMotors,sedan,8,2007,"111,974 SAR",2012,"47,294 SAR",186153,6.46,2WD,premium,Makkah,6,2,Silver,individual,0
Fourd,sedan,4,2001,"71,021 SAR",2003,"44,327 SAR",22436,5.82,2WD,standard,Jeddah,7,3,Black,individual,0
JournalMotors,suv,8,2001,"127,838 SAR",2006,"59,678 SAR",118008,3.72,4WD,standard,Dhahran,4,2,Blue,individual,1
Wolksvagon,suv,4,2003,"95,002 SAR",2007,"60,913 SAR",37606,7.68,2WD,standard,Dhahran,5,1,White,individual,1
JournalMotors,sedan,4,1995,"63,065 SAR",2002,"26,960 SAR",131830,8.48,2WD,standard,Madinah,5,2,Gray,individual,0
Toyoda,crossover,4,1993,"74,817 SAR",2000,"45,170 SAR",116729,12.62,4WD,standard,Riyadh,3,2,Gray,individual,1
Honta,suv,6,2004,"135,663 SAR",2010,"63,940 SAR",263276,14.09,4WD,premium,Jeddah,5,2,Gray,individual,1
Shevy,crossover,8,1999,"81,916 SAR",2001,"51,127 SAR",45838,5.3,2WD,standard,Madinah,8,1,Brown,company,0
Mercetes,sedan,8,2003,"88,668 SAR",2010,"39,800 SAR",94737,3.28,4WD,standard,Madinah,8,1,Black,individual,1
Wolksvagon,suv,4,2004,"116,283 SAR",2006,"83,464 SAR",76698,5.87,4WD,standard,Dhahran,12,1,Silver,individual,0
Toyoda,sedan,6,1999,"58,511 SAR",2000,"46,024 SAR",10270,11.35,2WD,standard,Makkah,6,4,White,individual,0
JournalMotors,crossover,8,2001,"85,225 SAR",2008,"40,481 SAR",120514,3.12,2WD,standard,Madinah,1,1,Gray,individual,0
Fourd,suv,4,2002,"152,128 SAR",2007,"78,908 SAR",83575,5.93,2WD,premium,Makkah,1,1,White,company,1
Toyoda,sedan,4,1996,"66,164 SAR",2005,"22,541 SAR",335563,20.32,4WD,standard,Makkah,5,1,Black,individual,1
Huendae,sedan,4,2004,"53,834 SAR",2006,"41,263 SAR",46672,12.57,2WD,standard,Makkah,3,3,Red,company,0
Huendae,suv,4,2008,"87,408 SAR",2015,"41,300 SAR",156396,8.3,2WD,standard,Makkah,5,1,Black,individual,0
JournalMotors,suv,4,1998,"100,387 SAR",2002,"50,640 SAR",81395,4.5,2WD,standard,Dammam,9,1,Gray,individual,0
Huendae,sedan,6,2004,"53,834 SAR",2010,"26,708 SAR",43202,14.38,2WD,standard,Makkah,12,2,Black,individual,1
Huendae,sedan,6,1996,"55,136 SAR",2001,"29,803 SAR",88145,15.89,4WD,standard,Dammam,7,2,White,individual,0
Mercetes,suv,6,1995,"94,597 SAR",2002,"40,440 SAR",147883,4.48,2WD,standard,Dammam,5,2,White,individual,0
Nesshan,sedan,4,2000,"49,734 SAR",2006,"25,849 SAR",66713,20.79,2WD,standard,Dhahran,11,1,Black,individual,0
Toyoda,sedan,4,2003,"88,668 SAR",2009,"47,950 SAR",104189,20.14,2WD,premium,Riyadh,9,4,Blue,company,0
Huendae,suv,4,2004,"96,902 SAR",2011,"58,758 SAR",115513,15.19,4WD,standard,Riyadh,1,3,Silver,individual,1
Shevy,crossover,4,1999,"98,299 SAR",2004,"43,703 SAR",65251,3.48,4WD,standard,Jeddah,7,3,Gray,individual,0
Toyoda,sedan,6,2004,"77,522 SAR",2011,"40,117 SAR",134063,11.55,4WD,standard,Jeddah,4,1,Blue,individual,0
Wolksvagon,crossover,6,2004,"77,522 SAR",2008,"49,968 SAR",192410,7.95,2WD,standard,Madinah,1,2,Blue,individual,0
Shevy,sedan,4,2003,"88,668 SAR",2008,"43,801 SAR",31571,5.63,4WD,standard,Madinah,1,3,Red,individual,0
JournalMotors,suv,4,2001,"106,532 SAR",2005,"53,740 SAR",30976,5.06,2WD,standard,Madinah,8,2,Silver,individual,0
JournalMotors,crossover,4,1998,"80,310 SAR",2002,"47,264 SAR",77714,6.4,2WD,standard,Madinah,3,3,Blue,individual,1
Nesshan,crossover,8,2006,"67,211 SAR",2013,"31,757 SAR",38177,8.95,2WD,standard,Jeddah,4,2,White,individual,0
Fourd,crossover,8,1996,"77,191 SAR",2000,"38,938 SAR",78893,4.72,2WD,standard,Dammam,10,2,Black,individual,0
Toyoda,suv,8,1999,"87,767 SAR",2004,"55,108 SAR",77665,7.86,2WD,standard,Riyadh,2,1,Silver,company,1
JournalMotors,crossover,8,2007,"115,173 SAR",2013,"49,236 SAR",109200,3.38,4WD,standard,Makkah,4,3,Gray,individual,0
Nesshan,sedan,8,2002,"51,744 SAR",2007,"25,363 SAR",211197,12.65,2WD,standard,Riyadh,11,2,Black,individual,1
Toyoda,sedan,4,1992,"71,313 SAR",2000,"24,356 SAR",46930,17.91,2WD,premium,Makkah,4,3,Black,company,0
Masda,crossover,4,1993,"62,348 SAR",1998,"30,637 SAR",45904,8.61,4WD,standard,Dhahran,9,2,Silver,individual,0
Shevy,crossover,4,2002,"86,930 SAR",2006,"43,851 SAR",37992,8.81,2WD,standard,Riyadh,5,2,Silver,individual,0
Mercetes,crossover,8,2004,"108,530 SAR",2008,"52,010 SAR",155338,2.93,4WD,standard,Riyadh,4,3,Red,individual,0
Shevy,crossover,4,1999,"81,916 SAR",2003,"41,322 SAR",78795,9.51,2WD,standard,Riyadh,4,1,Black,individual,0
Nesshan,sedan,4,2000,"49,734 SAR",2002,"35,852 SAR",69925,16.78,2WD,standard,Madinah,10,3,Silver,individual,0
JournalMotors,suv,4,2001,"127,838 SAR",2004,"80,154 SAR",60565,5.87,4WD,standard,Riyadh,3,1,Black,individual,0
Huendae,suv,4,2007,"102,833 SAR",2014,"51,018 SAR",119396,13.6,4WD,standard,Makkah,7,3,White,individual,1
Honta,crossover,4,2000,"83,554 SAR",2003,"57,323 SAR",63733,19.0,2WD,premium,Riyadh,5,1,Blue,individual,0
Masda,crossover,4,1995,"54,055 SAR",2001,"25,540 SAR",130549,11.77,2WD,standard,Makkah,6,2,Black,company,0
JournalMotors,crossover,4,2004,"151,943 SAR",2007,"81,454 SAR",108855,9.46,4WD,premium,Dammam,8,3,Gray,company,0
Fourd,sedan,4,2004,"90,442 SAR",2007,"51,036 SAR",33708,5.85,4WD,standard,Makkah,5,1,Black,individual,0
JournalMotors,sedan,4,2004,"75,368 SAR",2012,"20,405 SAR",69455,8.45,2WD,standard,Jeddah,2,4,White,individual,0
Toyoda,suv,4,1993,"130,930 SAR",1999,"64,368 SAR",215039,11.72,4WD,premium,Makkah,6,2,Blue,individual,0
Masda,suv,4,2003,"95,002 SAR",2008,"46,683 SAR",92991,6.8,4WD,standard,Dammam,7,3,Blue,individual,0
Masda,sedan,6,1996,"55,136 SAR",2003,"25,986 SAR",325695,12.84,4WD,standard,Dhahran,5,1,Black,individual,1
Wolksvagon,sedan,6,1997,"56,239 SAR",1999,"42,385 SAR",22072,11.87,2WD,standard,Dhahran,7,4,Gray,individual,1
Masda,suv,4,1995,"81,083 SAR",2001,"42,142 SAR",108337,15.26,4WD,standard,Riyadh,9,1,Black,individual,0
Huendae,suv,4,2004,"96,902 SAR",2012,"28,707 SAR",86559,15.9,4WD,standard,Riyadh,5,4,Red,individual,0
Shevy,crossover,6,2005,"110,701 SAR",2011,"47,324 SAR",116422,7.49,4WD,standard,Makkah,5,3,Silver,individual,0
Fourd,sedan,6,1998,"66,925 SAR",1998,"41,199 SAR",911,5.87,2WD,standard,Riyadh,10,2,Silver,individual,0
JournalMotors,suv,8,2001,"127,838 SAR",2004,"68,532 SAR",116461,3.19,4WD,standard,Jeddah,9,3,Silver,individual,0
Nesshan,sedan,4,2001,"60,875 SAR",2002,"50,623 SAR",17209,17.75,4WD,standard,Madinah,10,3,Silver,individual,0
Honta,sedan,4,1991,"58,262 SAR",1996,"29,918 SAR",190518,18.43,2WD,premium,Riyadh,14,3,White,company,0
Honta,sedan,4,2003,"63,334 SAR",2008,"35,946 SAR",99681,21.7,4WD,standard,Madinah,9,2,Red,individual,1
Geep,sedan,4,2005,"92,251 SAR",2009,"46,536 SAR",87245,10.08,4WD,standard,Riyadh,8,2,Red,company,0
Shevy,crossover,4,2001,"85,225 SAR",2006,"37,891 SAR",100615,7.79,2WD,standard,Madinah,10,3,Gray,individual,0
Toyoda,crossover,8,1996,"92,630 SAR",1997,"85,219 SAR",20651,8.51,2WD,premium,Riyadh,2,3,Silver,company,0
Nesshan,sedan,4,2004,"64,601 SAR",2004,"53,722 SAR",1229,17.07,4WD,standard,Madinah,2,1,Black,individual,0
Mercetes,sedan,4,1999,"81,916 SAR",2008,"23,287 SAR",383329,7.14,4WD,standard,Dammam,1,1,Gray,individual,1
Huendae,crossover,6,2003,"76,001 SAR",2007,"40,255 SAR",155511,14.49,4WD,standard,Makkah,6,1,White,individual,0
Toyoda,suv,4,1990,"73,440 SAR",1995,"43,917 SAR",35001,13.94,2WD,standard,Makkah,0,1,Black,individual,0
Shevy,suv,4,2009,"124,819 SAR",2012,"66,913 SAR",103616,3.62,2WD,standard,Makkah,12,2,White,individual,0
Toyoda,crossover,6,1996,"66,164 SAR",2003,"35,951 SAR",63315,6.39,2WD,standard,Dammam,7,2,Black,individual,1
Shevy,suv,6,2003,"110,836 SAR",2005,"76,864 SAR",33947,3.49,2WD,standard,Dammam,3,2,Black,individual,0
Nesshan,sedan,6,2009,"71,325 SAR",2011,"54,123 SAR",16743,17.55,4WD,standard,Makkah,7,3,Blue,company,0
Fourd,suv,8,2008,"122,372 SAR",2013,"51,686 SAR",31922,2.29,2WD,standard,Riyadh,5,4,White,company,0
JournalMotors,crossover,4,2001,"85,225 SAR",2009,"21,860 SAR",154516,4.69,2WD,standard,Dhahran,10,1,Silver,company,0
Fourd,crossover,6,2006,"112,915 SAR",2011,"50,202 SAR",99396,4.09,4WD,standard,Riyadh,4,1,Blue,individual,0
JournalMotors,crossover,4,2006,"112,915 SAR",2012,"53,500 SAR",250825,6.48,4WD,standard,Madinah,3,1,White,individual,1
Shevy,sedan,4,2005,"107,626 SAR",2005,"66,254 SAR",880,7.17,2WD,premium,Dhahran,5,3,Gray,company,0
Toyoda,sedan,6,1994,"63,595 SAR",1995,"52,656 SAR",20053,13.43,4WD,standard,Dammam,9,1,Black,individual,0
Honta,suv,4,2001,"76,094 SAR",2008,"39,549 SAR",113604,15.1,2WD,standard,Makkah,6,2,Silver,company,0
Huendae,suv,8,2000,"74,602 SAR",2005,"38,492 SAR",52834,7.61,2WD,standard,Dhahran,12,3,Red,individual,1
Fourd,suv,8,2006,"164,668 SAR",2011,"73,211 SAR",83468,2.92,2WD,premium,Jeddah,7,1,Red,individual,0
Huendae,sedan,6,2005,"54,911 SAR",2006,"41,512 SAR",21245,14.79,2WD,standard,Madinah,10,2,Black,individual,0
Huendae,suv,6,1997,"70,299 SAR",1999,"48,495 SAR",17600,8.26,2WD,standard,Riyadh,5,1,Gray,individual,0
Wolksvagon,crossover,8,2003,"76,001 SAR",2005,"63,802 SAR",34795,8.41,2WD,standard,Dhahran,3,2,Silver,individual,0
Fourd,suv,4,2005,"115,313 SAR",2008,"75,916 SAR",33833,5.88,2WD,standard,Dhahran,3,2,White,individual,1
Fourd,suv,4,2006,"117,620 SAR",2007,"80,452 SAR",8611,3.49,2WD,standard,Madinah,4,2,Black,individual,0
Shevy,suv,8,2004,"113,052 SAR",2007,"63,635 SAR",112964,4.85,2WD,standard,Madinah,7,1,Black,individual,1
BeEmW,suv,4,1992,"89,141 SAR",1999,"40,224 SAR",310343,7.85,2WD,standard,Dhahran,3,3,Gray,company,0
Nesshan,sedan,4,2003,"73,890 SAR",2009,"38,404 SAR",119397,20.81,2WD,premium,Dammam,10,2,White,individual,0
Mercetes,sedan,4,2001,"71,021 SAR",2003,"42,111 SAR",99076,9.7,2WD,standard,Jeddah,12,1,Red,individual,0
Shevy,sedan,6,2006,"78,413 SAR",2011,"34,862 SAR",52175,4.59,2WD,standard,Makkah,4,1,Black,individual,0
Honta,suv,4,1995,"67,569 SAR",2002,"31,926 SAR",154125,14.73,2WD,standard,Jeddah,9,3,Black,individual,0
Toyoda,sedan,6,2000,"100,265 SAR",2009,"32,688 SAR",103023,13.25,4WD,premium,Dammam,8,3,Brown,individual,1
Toyoda,suv,4,2003,"95,002 SAR",2006,"68,140 SAR",32840,7.49,2WD,standard,Madinah,5,2,Silver,individual,1
Huendae,sedan,4,2002,"51,744 SAR",2007,"30,999 SAR",239711,17.25,2WD,standard,Dhahran,3,1,Gray,individual,1
Nesshan,suv,6,1993,"64,945 SAR",1993,"49,098 SAR",888,7.29,2WD,standard,Dammam,3,1,Blue,individual,0
Fourd,suv,6,2006,"117,620 SAR",2007,"80,452 SAR",12243,3.29,2WD,standard,Riyadh,8,3,White,individual,0
Shevy,suv,4,2005,"115,313 SAR",2008,"72,301 SAR",55944,3.16,2WD,standard,Dammam,1,3,Black,individual,0
JournalMotors,suv,6,2003,"133,003 SAR",2005,"82,806 SAR",87630,3.88,4WD,standard,Jeddah,5,1,Brown,individual,1
Toyoda,suv,6,2001,"91,313 SAR",2008,"47,254 SAR",120861,10.01,2WD,standard,Makkah,13,2,White,individual,0
Honta,suv,6,2003,"79,168 SAR",2006,"57,606 SAR",58965,12.47,2WD,standard,Riyadh,2,2,Black,individual,1
Fourd,sedan,4,2000,"69,628 SAR",2007,"29,765 SAR",69427,6.19,2WD,standard,Dammam,9,1,White,company,0
JournalMotors,suv,4,2003,"133,003 SAR",2008,"65,539 SAR",160253,5.13,4WD,standard,Dammam,2,1,Black,company,1
Fourd,crossover,4,1999,"114,682 SAR",2005,"48,903 SAR",234483,3.9,2WD,premium,Makkah,9,2,Black,individual,1
Shevy,suv,4,1999,"102,395 SAR",2003,"51,524 SAR",160222,5.8,2WD,standard,Madinah,9,3,Red,individual,1
Shevy,crossover,6,2005,"92,251 SAR",2011,"37,465 SAR",229764,4.67,2WD,standard,Madinah,12,3,Silver,individual,0
Masda,sedan,6,2005,"76,875 SAR",2007,"53,032 SAR",35645,11.66,2WD,premium,Dammam,6,3,Black,individual,0
Huendae,crossover,8,2009,"85,590 SAR",2010,"71,895 SAR",10295,11.81,4WD,standard,Dhahran,3,2,White,individual,0
Toyoda,sedan,4,2005,"92,251 SAR",2010,"54,614 SAR",46622,23.85,2WD,premium,Riyadh,8,3,Silver,individual,0
Fourd,crossover,8,2007,"161,243 SAR",2010,"96,044 SAR",106595,3.6,4WD,premium,Madinah,3,3,Red,individual,0
Fourd,crossover,4,2006,"131,734 SAR",2010,"63,130 SAR",178960,4.36,2WD,premium,Jeddah,6,2,Brown,individual,0
Fourd,suv,4,2005,"161,439 SAR",2009,"85,509 SAR",43592,5.03,2WD,premium,Makkah,13,2,Red,company,1
Fourd,suv,4,1998,"120,465 SAR",1998,"77,866 SAR",784,4.71,4WD,standard,Makkah,11,2,White,individual,1
Shevy,sedan,6,2003,"73,890 SAR",2004,"50,414 SAR",39653,6.48,2WD,standard,Dhahran,4,3,Blue,individual,1
Shevy,sedan,4,1996,"64,326 SAR",1998,"44,610 SAR",38302,7.74,2WD,standard,Dammam,1,3,Silver,individual,0
Shevy,sedan,6,1993,"60,616 SAR",1998,"26,949 SAR",93814,7.6,2WD,standard,Madinah,12,2,Brown,company,0
JournalMotors,suv,4,2003,"133,003 SAR",2007,"74,548 SAR",73479,2.4,4WD,standard,Dhahran,0,2,White,individual,0
Fourd,sedan,4,2004,"75,368 SAR",2006,"47,040 SAR",25399,8.33,2WD,standard,Dammam,10,2,Silver,individual,0
Wolksvagon,crossover,4,2008,"100,694 SAR",2008,"71,285 SAR",856,14.14,4WD,standard,Dammam,7,4,Gray,company,0
Huendae,suv,4,1995,"67,569 SAR",1998,"44,484 SAR",119279,9.78,2WD,standard,Riyadh,3,3,Gray,individual,0
Toyoda,sedan,6,2002,"62,093 SAR",2008,"33,739 SAR",59273,13.0,2WD,standard,Riyadh,7,1,Silver,individual,1
Masda,crossover,6,2003,"63,334 SAR",2006,"41,695 SAR",133325,12.96,2WD,standard,Jeddah,2,1,Black,individual,0
Nesshan,suv,8,2001,"76,094 SAR",2005,"47,140 SAR",57333,8.88,2WD,standard,Dhahran,3,3,Gray,individual,0
JournalMotors,suv,4,2004,"135,663 SAR",2009,"60,315 SAR",117954,8.34,4WD,standard,Madinah,6,2,Gray,individual,0
Honta,crossover,4,2000,"59,681 SAR",2004,"33,275 SAR",50920,14.82,2WD,standard,Makkah,8,2,Black,individual,0
Honta,sedan,8,2002,"72,441 SAR",2006,"42,408 SAR",80866,12.71,2WD,premium,Jeddah,9,1,Black,individual,1
Mercetes,sedan,8,2002,"86,930 SAR",2005,"51,779 SAR",105635,6.45,4WD,standard,Madinah,0,2,White,individual,0
Shevy,suv,8,2002,"108,662 SAR",2003,"70,608 SAR",22817,3.44,2WD,standard,Madinah,4,4,Black,company,0
Honta,suv,4,1992,"63,672 SAR",1998,"33,427 SAR",107842,13.29,2WD,standard,Dammam,1,2,Gray,individual,0
Nesshan,suv,4,1996,"68,921 SAR",2003,"36,183 SAR",35940,11.19,2WD,standard,Jeddah,2,3,Blue,individual,0
Wolksvagon,suv,4,2000,"107,427 SAR",2003,"81,537 SAR",36311,11.54,4WD,standard,Dammam,1,1,White,individual,0
Huendae,crossover,4,1995,"64,866 SAR",2002,"35,757 SAR",131357,14.0,4WD,standard,Makkah,2,3,Gray,company,1
Huendae,suv,8,1998,"120,465 SAR",2004,"56,919 SAR",125538,7.88,4WD,premium,Madinah,4,1,Gray,company,0
Wolksvagon,suv,6,2007,"123,400 SAR",2015,"40,231 SAR",106862,4.04,4WD,standard,Jeddah,10,1,Silver,individual,1
Honta,suv,8,1992,"63,672 SAR",1994,"46,120 SAR",37715,8.07,2WD,standard,Riyadh,13,1,Black,individual,1
Shevy,sedan,6,2005,"76,875 SAR",2012,"32,864 SAR",125471,7.86,2WD,standard,Dhahran,6,2,Black,individual,0
Toyoda,sedan,4,2007,"68,555 SAR",2013,"43,361 SAR",130211,18.53,2WD,standard,Jeddah,2,1,Red,company,0
Honta,crossover,4,2004,"64,601 SAR",2010,"37,307 SAR",66895,20.43,2WD,standard,Jeddah,2,2,Black,individual,0
Toyoda,sedan,8,1997,"78,735 SAR",2006,"24,447 SAR",183813,12.04,2WD,premium,Dhahran,13,1,Blue,individual,0
Masda,suv,4,2001,"106,532 SAR",2004,"62,789 SAR",161187,7.73,2WD,premium,Riyadh,5,1,Red,individual,1
JournalMotors,suv,4,2001,"149,145 SAR",2004,"79,954 SAR",115111,6.04,2WD,premium,Jeddah,9,2,Blue,individual,0
Honta,crossover,4,2002,"62,093 SAR",2008,"32,272 SAR",135226,17.21,2WD,standard,Riyadh,4,2,Silver,individual,0
Shevy,sedan,4,2009,"116,498 SAR",2015,"52,293 SAR",114191,4.73,2WD,premium,Dhahran,5,2,Blue,individual,1
JournalMotors,suv,4,1997,"118,103 SAR",2001,"62,555 SAR",25381,5.1,4WD,standard,Makkah,6,2,Black,individual,1
Geep,suv,6,2008,"122,372 SAR",2013,"63,474 SAR",48234,3.99,2WD,standard,Riyadh,2,2,Blue,individual,1
Honta,crossover,6,1996,"55,136 SAR",2001,"30,104 SAR",99702,11.07,2WD,standard,Dhahran,0,2,White,individual,0
Toyoda,sedan,8,2004,"64,601 SAR",2009,"38,631 SAR",108956,7.0,2WD,standard,Madinah,1,2,Gray,individual,0
JournalMotors,suv,8,1996,"96,489 SAR",1998,"60,223 SAR",14235,2.77,2WD,standard,Makkah,5,3,Black,company,0
Geep,sedan,4,2007,"79,981 SAR",2014,"34,191 SAR",73553,6.79,2WD,standard,Madinah,7,2,Red,company,0
Toyoda,sedan,4,2006,"112,915 SAR",2014,"36,637 SAR",398391,20.65,4WD,premium,Madinah,5,1,Red,individual,0
Fourd,suv,8,2001,"106,532 SAR",2004,"60,116 SAR",29996,3.61,2WD,standard,Madinah,5,1,White,individual,0
JournalMotors,sedan,4,2003,"88,668 SAR",2007,"44,728 SAR",77005,10.48,4WD,standard,Riyadh,7,2,White,individual,0
Fourd,suv,8,1990,"119,951 SAR",1991,"86,604 SAR",44945,3.5,2WD,premium,Riyadh,0,1,Black,company,0
Fourd,suv,8,2000,"125,332 SAR",2003,"70,724 SAR",27172,3.51,4WD,standard,Dhahran,4,2,White,company,0
Shevy,crossover,4,2007,"95,978 SAR",2012,"47,413 SAR",60520,7.76,2WD,standard,Madinah,3,3,Black,individual,0
Toyoda,sedan,4,1996,"77,191 SAR",2003,"41,943 SAR",125389,13.4,2WD,premium,Madinah,6,1,Gray,individual,1
Geep,suv,6,2004,"113,052 SAR",2008,"59,880 SAR",89007,6.19,2WD,standard,Dammam,8,3,Red,individual,1
Huendae,suv,4,2003,"95,002 SAR",2009,"44,888 SAR",77839,14.51,4WD,standard,Jeddah,5,3,Black,individual,0
Masda,sedan,4,2002,"62,093 SAR",2007,"37,293 SAR",40535,15.47,4WD,standard,Jeddah,2,2,White,individual,0
Honta,sedan,6,2002,"62,093 SAR",2004,"44,762 SAR",39601,17.68,4WD,standard,Madinah,11,4,Silver,individual,0
JournalMotors,crossover,4,2003,"88,668 SAR",2007,"46,965 SAR",81419,6.6,2WD,standard,Riyadh,4,1,Silver,individual,1
Shevy,sedan,4,2006,"94,096 SAR",2007,"67,579 SAR",10053,5.7,4WD,standard,Makkah,4,1,Silver,individual,1
Nesshan,suv,8,2003,"79,168 SAR",2010,"37,406 SAR",69378,5.56,2WD,standard,Jeddah,8,3,Silver,individual,0
JournalMotors,suv,4,1996,"115,787 SAR",1999,"65,338 SAR",67614,5.2,4WD,standard,Dhahran,8,3,White,company,0
Masda,suv,4,1993,"64,945 SAR",1997,"34,399 SAR",165236,11.03,2WD,standard,Dhahran,14,3,Blue,individual,0
JournalMotors,sedan,4,2004,"105,516 SAR",2012,"27,064 SAR",151858,8.02,2WD,premium,Dhahran,4,3,White,company,0
Masda,sedan,8,2008,"58,272 SAR",2014,"27,533 SAR",132952,9.19,2WD,standard,Jeddah,6,3,Gray,individual,0
Honta,sedan,4,2001,"50,729 SAR",2002,"44,295 SAR",20558,23.02,2WD,standard,Riyadh,9,1,White,individual,1
JournalMotors,sedan,6,2003,"73,890 SAR",2007,"39,137 SAR",43145,6.66,2WD,standard,Makkah,8,2,Silver,individual,1
Fourd,suv,8,1998,"100,387 SAR",2006,"25,749 SAR",153442,3.38,2WD,standard,Madinah,4,3,Black,company,0
JournalMotors,crossover,8,2002,"86,930 SAR",2007,"38,552 SAR",169924,3.36,2WD,standard,Madinah,5,2,Red,individual,1
Honta,sedan,6,1992,"50,937 SAR",1996,"31,239 SAR",96683,18.19,4WD,standard,Jeddah,10,3,Black,company,0
Geep,suv,4,1999,"143,353 SAR",2004,"63,734 SAR",82875,7.1,2WD,premium,Dammam,14,3,Gray,individual,0
Nesshan,suv,6,1999,"73,139 SAR",2003,"45,309 SAR",92464,11.47,2WD,standard,Riyadh,3,2,Silver,individual,0
Toyoda,suv,6,1992,"76,406 SAR",1994,"60,614 SAR",38941,9.21,2WD,standard,Madinah,6,2,Gray,individual,1
Fourd,sedan,8,2004,"90,442 SAR",2007,"51,036 SAR",55443,5.3,4WD,standard,Jeddah,12,3,Black,company,0
Toyoda,sedan,4,2008,"69,926 SAR",2013,"39,515 SAR",55391,11.09,2WD,standard,Makkah,5,1,White,company,1
JournalMotors,sedan,6,1994,"61,828 SAR",1999,"27,488 SAR",49681,5.86,2WD,standard,Riyadh,9,2,Silver,individual,0
JournalMotors,sedan,4,2004,"75,368 SAR",2006,"52,267 SAR",44478,9.51,2WD,standard,Jeddah,3,2,Black,individual,0
Shevy,sedan,4,2001,"85,225 SAR",2005,"50,157 SAR",76218,8.37,4WD,standard,Makkah,1,1,Red,individual,1
Toyoda,sedan,4,2000,"83,554 SAR",2005,"49,465 SAR",106290,16.22,2WD,premium,Jeddah,6,2,Black,individual,0
Shevy,suv,4,2001,"178,974 SAR",2008,"84,800 SAR",272967,7.3,4WD,premium,Dhahran,2,3,Blue,individual,1
Geep,suv,6,2001,"106,532 SAR",2002,"69,224 SAR",31770,2.22,2WD,standard,Riyadh,7,3,Black,company,0
Toyoda,suv,8,2003,"114,002 SAR",2007,"69,615 SAR",24378,5.79,4WD,standard,Riyadh,7,3,Red,company,0
Honta,suv,4,1999,"122,874 SAR",2002,"76,636 SAR",61193,12.02,4WD,premium,Jeddah,10,2,Gray,individual,0
Honta,crossover,4,1997,"78,735 SAR",1998,"68,749 SAR",9546,17.25,2WD,premium,Jeddah,7,2,Blue,individual,1
Toyoda,sedan,4,2000,"59,681 SAR",2003,"44,844 SAR",46855,23.26,2WD,standard,Riyadh,12,2,Blue,individual,0
Toyoda,suv,6,1999,"122,874 SAR",2003,"71,281 SAR",151078,12.66,2WD,premium,Makkah,4,3,White,individual,0
Huendae,sedan,4,2007,"68,555 SAR",2011,"46,716 SAR",73152,23.97,4WD,standard,Dammam,2,2,Brown,individual,0
Geep,sedan,4,1993,"72,739 SAR",1997,"40,770 SAR",35435,8.48,4WD,standard,Dammam,3,1,Gray,individual,0
Nesshan,suv,6,1999,"73,139 SAR",2002,"45,616 SAR",34895,9.05,2WD,standard,Madinah,6,1,Blue,individual,0
Masda,sedan,4,2004,"53,834 SAR",2008,"33,016 SAR",30375,16.04,2WD,standard,Makkah,11,2,Gray,company,0
Mercetes,suv,8,2004,"135,663 SAR",2009,"60,315 SAR",106131,2.61,4WD,standard,Jeddah,5,3,Gray,individual,0
Honta,crossover,4,1994,"89,033 SAR",2001,"51,416 SAR",161536,23.02,4WD,premium,Dammam,2,2,Silver,individual,0
Fourd,suv,6,2006,"197,602 SAR",2014,"50,558 SAR",255883,3.43,4WD,premium,Makkah,5,3,Gray,individual,1
Geep,suv,8,1999,"102,395 SAR",2003,"51,653 SAR",81904,3.38,2WD,standard,Riyadh,11,3,Silver,individual,0
JournalMotors,sedan,6,2003,"103,447 SAR",2007,"52,183 SAR",34937,3.72,2WD,premium,Makkah,6,2,Gray,individual,0
Fourd,crossover,8,1994,"74,194 SAR",1998,"37,427 SAR",64837,4.23,2WD,standard,Jeddah,5,2,White,individual,0
Fourd,crossover,4,2003,"88,668 SAR",2011,"24,006 SAR",284635,6.99,2WD,standard,Dhahran,1,3,Silver,individual,0
JournalMotors,sedan,4,2006,"78,413 SAR",2009,"51,623 SAR",24735,8.11,2WD,standard,Dhahran,3,1,Gray,individual,1
Nesshan,sedan,8,2004,"75,368 SAR",2009,"47,529 SAR",106812,16.48,2WD,premium,Dhahran,3,2,Gray,individual,1
Fourd,crossover,4,2009,"139,797 SAR",2013,"66,994 SAR",188584,5.97,2WD,premium,Dhahran,11,3,White,individual,0
Masda,sedan,4,2004,"53,834 SAR",2009,"29,393 SAR",106181,9.93,2WD,standard,Dammam,2,2,Silver,individual,0
Masda,sedan,4,2001,"50,729 SAR",2008,"26,366 SAR",130845,19.65,2WD,standard,Jeddah,4,1,White,company,0
Huendae,sedan,4,2003,"52,779 SAR",2007,"37,764 SAR",28371,16.89,2WD,standard,Dammam,2,2,Blue,individual,1
Toyoda,suv,4,2007,"123,400 SAR",2011,"87,494 SAR",28206,15.16,4WD,standard,Makkah,1,4,Gray,individual,0
Huendae,suv,4,1996,"115,787 SAR",2000,"74,957 SAR",189682,17.89,4WD,premium,Makkah,2,3,Black,individual,0
Masda,crossover,6,2008,"97,897 SAR",2011,"64,111 SAR",29318,10.56,2WD,premium,Madinah,7,3,Black,individual,1
JournalMotors,sedan,4,1997,"78,735 SAR",2003,"33,659 SAR",115227,8.8,4WD,standard,Madinah,13,3,Blue,company,0
Huendae,crossover,4,1998,"57,364 SAR",2001,"39,355 SAR",29858,18.51,2WD,standard,Dammam,4,3,Blue,company,0
Huendae,crossover,4,1994,"52,995 SAR",1997,"38,176 SAR",36768,18.42,2WD,standard,Dammam,14,2,Red,individual,1
Toyoda,crossover,8,2003,"76,001 SAR",2003,"59,467 SAR",918,9.31,2WD,standard,Madinah,9,3,Red,individual,1
Masda,sedan,4,2005,"54,911 SAR",2006,"53,274 SAR",12096,20.83,2WD,standard,Jeddah,1,3,Blue,company,1
Toyoda,sedan,4,2003,"63,334 SAR",2004,"52,440 SAR",13386,13.59,2WD,standard,Madinah,5,2,Silver,individual,0
Shevy,suv,8,2003,"155,170 SAR",2010,"66,169 SAR",293669,1.83,2WD,premium,Dammam,5,1,Blue,individual,1
Toyoda,crossover,6,1996,"66,164 SAR",2002,"34,239 SAR",124619,11.04,2WD,standard,Dhahran,11,2,White,individual,0
Nesshan,sedan,8,1997,"56,239 SAR",1999,"38,796 SAR",32695,10.94,4WD,standard,Riyadh,12,3,Red,individual,0
Masda,sedan,4,1998,"66,925 SAR",2002,"37,314 SAR",43200,13.36,2WD,premium,Dhahran,4,1,Gray,individual,0
Huendae,suv,4,1994,"92,742 SAR",1995,"70,112 SAR",21831,13.56,2WD,premium,Dammam,6,3,Silver,individual,0
Toyoda,suv,8,1996,"115,787 SAR",1998,"97,203 SAR",34512,6.8,2WD,premium,Makkah,3,3,Black,individual,0
Fourd,sedan,4,1997,"78,735 SAR",2001,"39,717 SAR",35511,5.4,4WD,standard,Riyadh,8,2,Black,individual,0
Fourd,crossover,4,2001,"85,225 SAR",2006,"35,996 SAR",201825,6.99,2WD,standard,Riyadh,5,2,Black,individual,0
Fourd,sedan,4,2004,"105,516 SAR",2011,"45,108 SAR",69557,3.83,2WD,premium,Makkah,7,3,Gray,individual,0
Honta,suv,4,2006,"100,817 SAR",2009,"69,691 SAR",111239,13.34,4WD,standard,Jeddah,3,1,Silver,individual,1
Toyoda,suv,4,2004,"135,663 SAR",2008,"82,842 SAR",78367,8.47,2WD,premium,Dhahran,6,2,Silver,individual,0
Huendae,suv,6,2002,"77,616 SAR",2007,"38,140 SAR",36082,9.43,2WD,standard,Dammam,6,2,Silver,individual,0
Geep,sedan,4,2003,"73,890 SAR",2007,"39,344 SAR",179607,6.02,2WD,standard,Madinah,3,1,Gray,individual,0
Honta,crossover,4,1999,"58,511 SAR",2004,"33,208 SAR",50039,23.36,2WD,standard,Riyadh,6,2,Red,individual,1
Fourd,sedan,4,1998,"66,925 SAR",2002,"35,635 SAR",138266,12.39,2WD,standard,Makkah,0,1,Black,individual,0
Toyoda,sedan,6,1999,"81,916 SAR",2003,"52,272 SAR",173420,16.79,2WD,premium,Dammam,9,2,Red,individual,0
BeEmW,crossover,6,1995,"90,813 SAR",1999,"53,445 SAR",79074,3.83,4WD,standard,Dammam,1,1,Brown,individual,1
Huendae,sedan,8,1995,"63,065 SAR",2003,"19,865 SAR",61496,7.29,2WD,premium,Dhahran,2,3,Gray,individual,0
Shevy,suv,8,2003,"133,003 SAR",2009,"56,858 SAR",56576,2.08,4WD,standard,Jeddah,9,1,Black,individual,0
Honta,sedan,4,1999,"48,759 SAR",2002,"35,124 SAR",27620,18.59,2WD,standard,Makkah,6,3,Silver,individual,1
Huendae,suv,4,2002,"77,616 SAR",2007,"39,856 SAR",189096,17.35,2WD,standard,Dammam,5,2,Black,individual,0
Fourd,suv,8,2006,"117,620 SAR",2011,"52,293 SAR",114846,2.19,2WD,standard,Dammam,5,2,White,individual,0
Shevy,sedan,8,2003,"88,668 SAR",2009,"37,905 SAR",109588,4.16,4WD,standard,Madinah,5,2,Gray,individual,0
Fourd,suv,4,2004,"113,052 SAR",2007,"63,635 SAR",41223,3.83,2WD,standard,Madinah,8,4,Black,company,1
Honta,suv,4,2003,"79,168 SAR",2008,"38,903 SAR",51197,13.14,2WD,standard,Madinah,10,2,Black,individual,0
Fourd,suv,6,2002,"130,395 SAR",2004,"85,455 SAR",22148,3.54,4WD,standard,Riyadh,4,1,White,individual,1
JournalMotors,crossover,4,2001,"102,271 SAR",2002,"66,455 SAR",49800,5.19,4WD,standard,Madinah,9,2,Silver,individual,0
Geep,sedan,6,2003,"103,447 SAR",2008,"45,992 SAR",100245,7.01,2WD,premium,Dammam,8,1,Black,individual,0
JournalMotors,sedan,4,2005,"92,251 SAR",2007,"60,777 SAR",82225,12.13,4WD,standard,Dhahran,1,2,Brown,individual,0
JournalMotors,suv,6,2003,"110,836 SAR",2007,"59,017 SAR",157368,4.56,2WD,standard,Riyadh,1,1,Black,individual,0
Fourd,sedan,4,1991,"58,262 SAR",1995,"29,390 SAR",34332,5.97,2WD,standard,Dammam,5,2,Gray,individual,0
Geep,sedan,6,2003,"88,668 SAR",2003,"51,854 SAR",932,8.0,4WD,standard,Madinah,8,4,White,company,0
Shevy,suv,8,2000,"146,220 SAR",2003,"86,637 SAR",55459,4.6,2WD,premium,Jeddah,7,2,Gray,individual,1
Nesshan,sedan,4,1994,"44,163 SAR",1996,"35,374 SAR",82395,22.78,2WD,standard,Jeddah,1,3,Black,individual,0
Honta,sedan,4,2007,"68,555 SAR",2014,"37,413 SAR",115703,18.36,4WD,standard,Madinah,6,3,Silver,company,1
Toyoda,suv,4,2004,"162,796 SAR",2006,"143,500 SAR",41741,6.95,4WD,premium,Dhahran,3,2,Silver,individual,1
Honta,suv,6,1995,"67,569 SAR",2000,"34,863 SAR",62379,7.6,2WD,standard,Riyadh,6,2,Silver,individual,1
Shevy,crossover,4,1999,"81,916 SAR",2001,"51,127 SAR",21334,3.11,2WD,standard,Dammam,6,2,Silver,company,0
Honta,sedan,6,1996,"45,947 SAR",2002,"24,061 SAR",242964,13.8,2WD,standard,Dhahran,3,2,Black,company,1
Toyoda,sedan,6,1998,"96,372 SAR",2000,"88,772 SAR",85321,17.67,4WD,premium,Dhahran,3,3,Black,individual,1
BeEmW,sedan,4,2003,"88,668 SAR",2004,"60,648 SAR",9006,7.59,4WD,standard,Jeddah,9,2,Black,individual,0
Masda,suv,4,1996,"68,921 SAR",2002,"36,183 SAR",67040,9.12,2WD,standard,Dhahran,2,2,White,individual,0
Honta,suv,6,1998,"71,705 SAR",1999,"54,208 SAR",22274,10.57,2WD,standard,Dhahran,5,2,Black,individual,0
Shevy,sedan,6,2007,"111,974 SAR",2015,"28,721 SAR",149018,9.3,2WD,premium,Riyadh,4,1,Gray,individual,0
Shevy,sedan,4,2008,"81,581 SAR",2012,"41,153 SAR",35585,9.42,2WD,standard,Riyadh,7,2,Black,company,0
JournalMotors,crossover,4,2005,"92,251 SAR",2008,"52,057 SAR",56692,9.25,2WD,standard,Madinah,12,1,Gray,individual,0
Masda,crossover,8,2005,"65,893 SAR",2011,"31,134 SAR",124060,5.67,2WD,standard,Riyadh,5,2,Silver,individual,0
Masda,sedan,8,2001,"50,729 SAR",2003,"36,745 SAR",16637,12.19,2WD,standard,Makkah,4,1,Black,individual,1
BeEmW,sedan,4,2004,"90,442 SAR",2009,"42,221 SAR",93691,9.55,4WD,standard,Jeddah,5,1,Black,company,1
JournalMotors,crossover,6,1994,"124,646 SAR",1995,"85,257 SAR",12231,6.16,4WD,premium,Dammam,6,2,White,individual,0
Wolksvagon,crossover,6,2006,"80,653 SAR",2012,"48,694 SAR",70174,8.48,2WD,standard,Madinah,3,1,Silver,individual,1
Nesshan,suv,4,2001,"76,094 SAR",2005,"42,426 SAR",33103,14.34,2WD,standard,Makkah,5,2,Red,individual,0
Toyoda,suv,8,1998,"86,046 SAR",2005,"44,417 SAR",273872,6.44,2WD,standard,Makkah,11,2,Black,individual,1
Honta,sedan,4,2004,"75,368 SAR",2008,"37,819 SAR",203474,12.8,2WD,premium,Dhahran,5,1,Gray,individual,0
Huendae,crossover,8,2000,"100,265 SAR",2006,"55,271 SAR",118283,6.24,4WD,premium,Dammam,2,1,Gray,company,1
Masda,suv,8,1999,"73,139 SAR",2006,"34,471 SAR",316622,5.04,2WD,standard,Jeddah,6,2,Black,individual,1
Honta,sedan,6,2000,"59,681 SAR",2001,"55,145 SAR",9911,15.42,4WD,standard,Makkah,3,3,Gray,company,0
Shevy,suv,4,2003,"155,170 SAR",2007,"78,079 SAR",170964,5.03,2WD,premium,Dhahran,6,2,Brown,individual,1
Huendae,sedan,8,2000,"49,734 SAR",2008,"15,509 SAR",174135,16.68,2WD,standard,Jeddah,6,3,Gray,individual,0
Masda,suv,6,2003,"79,168 SAR",2007,"44,140 SAR",40626,10.73,2WD,standard,Dammam,8,3,Black,individual,0
Huendae,suv,4,2005,"82,367 SAR",2011,"42,810 SAR",59092,17.15,2WD,standard,Madinah,12,2,White,company,0
JournalMotors,sedan,4,2003,"88,668 SAR",2005,"64,565 SAR",46244,6.21,4WD,standard,Makkah,0,3,Red,individual,1
JournalMotors,sedan,8,2004,"75,368 SAR",2006,"54,881 SAR",15503,3.89,2WD,standard,Madinah,0,3,White,individual,1
Fourd,sedan,4,2005,"129,151 SAR",2010,"60,291 SAR",49618,10.27,4WD,premium,Madinah,4,2,Silver,individual,1
Geep,crossover,4,2001,"85,225 SAR",2009,"19,674 SAR",420232,5.06,2WD,standard,Dhahran,8,2,Gray,individual,0
Toyoda,sedan,6,2002,"62,093 SAR",2009,"35,703 SAR",140668,13.38,2WD,standard,Madinah,2,2,White,individual,0
Huendae,suv,4,2002,"93,139 SAR",2006,"51,929 SAR",72305,13.64,4WD,standard,Madinah,9,2,Black,individual,0
Honta,suv,4,2001,"91,313 SAR",2003,"62,834 SAR",93117,14.07,4WD,standard,Madinah,7,3,Gray,company,1
Honta,suv,4,1997,"70,299 SAR",1999,"53,884 SAR",40647,10.55,2WD,standard,Jeddah,2,3,Red,individual,0
Fourd,sedan,4,2002,"72,441 SAR",2005,"42,922 SAR",27085,10.61,2WD,standard,Riyadh,4,2,Blue,individual,1
JournalMotors,sedan,4,2002,"101,418 SAR",2007,"44,977 SAR",234053,9.18,2WD,premium,Riyadh,6,1,Gray,company,1
Nesshan,crossover,4,2003,"63,334 SAR",2006,"48,279 SAR",56659,15.03,2WD,standard,Dammam,3,2,White,individual,0
JournalMotors,sedan,4,1994,"61,828 SAR",1999,"32,070 SAR",100525,10.19,2WD,standard,Dammam,3,3,White,individual,1
Nesshan,suv,8,2003,"95,002 SAR",2006,"65,836 SAR",63377,7.97,4WD,standard,Dhahran,3,2,Black,company,0
JournalMotors,suv,4,2003,"186,204 SAR",2010,"79,403 SAR",305225,3.5,4WD,premium,Madinah,9,2,White,company,1
Fourd,suv,4,2001,"178,974 SAR",2008,"80,336 SAR",127510,7.79,4WD,premium,Riyadh,4,1,White,company,1
Honta,suv,6,1997,"84,359 SAR",2002,"41,454 SAR",98346,12.18,4WD,standard,Dhahran,7,1,Black,individual,0
JournalMotors,crossover,4,2002,"121,702 SAR",2006,"64,462 SAR",76345,6.96,2WD,premium,Riyadh,11,2,Black,individual,1
Huendae,suv,4,2007,"85,694 SAR",2011,"50,167 SAR",44413,11.69,2WD,standard,Dammam,13,2,Gray,individual,1
Wolksvagon,suv,4,2003,"95,002 SAR",2007,"58,012 SAR",73620,10.16,2WD,standard,Jeddah,6,1,Black,individual,0
Huendae,suv,4,2007,"85,694 SAR",2011,"55,184 SAR",79795,15.46,2WD,standard,Riyadh,12,2,Black,individual,1
Wolksvagon,sedan,4,1996,"66,164 SAR",1996,"49,305 SAR",1317,8.88,4WD,standard,Jeddah,5,1,Black,company,0
Fourd,sedan,4,2001,"71,021 SAR",2004,"38,073 SAR",104764,7.11,2WD,standard,Dhahran,10,3,Silver,individual,0
Toyoda,suv,4,2008,"104,890 SAR",2009,"96,498 SAR",10634,10.69,2WD,standard,Madinah,3,2,Gray,individual,0
Wolksvagon,sedan,4,1993,"72,739 SAR",1999,"37,548 SAR",250637,13.71,2WD,premium,Dhahran,7,3,Gray,individual,1
Masda,sedan,6,1995,"45,046 SAR",2001,"21,284 SAR",67784,11.19,2WD,standard,Jeddah,4,2,Gray,company,0
Toyoda,suv,6,2005,"98,840 SAR",2012,"56,832 SAR",86697,9.15,2WD,standard,Jeddah,3,2,Silver,individual,0
Nesshan,sedan,4,2002,"51,744 SAR",2004,"35,695 SAR",37280,13.24,2WD,standard,Madinah,7,2,Silver,company,0
JournalMotors,sedan,6,1999,"68,263 SAR",2001,"47,340 SAR",15956,3.66,2WD,standard,Jeddah,1,2,White,company,0
JournalMotors,crossover,4,2001,"85,225 SAR",2005,"42,991 SAR",80513,7.22,2WD,standard,Riyadh,5,2,White,individual,0
Masda,sedan,8,1998,"47,803 SAR",2006,"15,810 SAR",154058,8.16,2WD,standard,Dhahran,2,2,White,individual,1
Shevy,sedan,8,2001,"71,021 SAR",2001,"45,906 SAR",1202,6.85,2WD,standard,Makkah,4,1,Silver,individual,1
Masda,suv,4,2002,"77,616 SAR",2007,"39,856 SAR",190175,15.81,2WD,standard,Dammam,7,1,Gray,company,0
Masda,sedan,6,1993,"43,297 SAR",1998,"21,222 SAR",49247,10.59,2WD,standard,Dhahran,4,4,White,company,1
JournalMotors,suv,4,2000,"146,220 SAR",2005,"72,052 SAR",203760,4.15,2WD,premium,Makkah,3,3,Blue,individual,1
Shevy,sedan,4,2005,"107,626 SAR",2011,"43,709 SAR",136347,9.92,2WD,premium,Madinah,11,4,Silver,individual,0
Toyoda,crossover,6,2004,"77,522 SAR",2012,"24,070 SAR",171470,8.59,2WD,standard,Riyadh,7,1,Silver,individual,0
Shevy,suv,4,1999,"102,395 SAR",2002,"60,991 SAR",118710,4.21,2WD,standard,Dhahran,0,2,Black,individual,0
Huendae,sedan,6,2003,"52,779 SAR",2007,"29,132 SAR",208419,17.68,2WD,standard,Dhahran,5,3,Gray,individual,0
Fourd,crossover,4,2004,"108,530 SAR",2008,"52,010 SAR",79751,8.24,4WD,standard,Jeddah,13,4,White,individual,0
Masda,suv,4,2003,"95,002 SAR",2011,"31,421 SAR",100994,12.87,4WD,standard,Jeddah,2,2,Gray,company,1
Toyoda,suv,6,2006,"120,980 SAR",2013,"59,476 SAR",307576,11.74,4WD,standard,Dhahran,4,3,Gray,individual,0
Huendae,sedan,4,1993,"43,297 SAR",1993,"37,806 SAR",697,18.33,2WD,standard,Dhahran,1,2,Black,individual,1
JournalMotors,suv,4,1998,"100,387 SAR",2002,"50,640 SAR",32153,4.5,2WD,standard,Riyadh,7,2,Silver,individual,0
Fourd,suv,4,2001,"149,145 SAR",2009,"38,255 SAR",83500,7.85,2WD,premium,Madinah,4,1,Black,company,0
BeEmW,suv,8,1994,"92,742 SAR",2001,"39,548 SAR",337329,4.44,2WD,standard,Jeddah,5,1,Black,individual,1
Masda,sedan,4,1996,"45,947 SAR",2002,"23,880 SAR",122582,24.11,2WD,standard,Madinah,4,3,Gray,company,0
Toyoda,sedan,4,2001,"60,875 SAR",2004,"48,029 SAR",26689,17.3,2WD,standard,Dammam,7,1,White,individual,1
Fourd,sedan,4,1995,"63,065 SAR",1998,"37,366 SAR",15983,12.42,2WD,standard,Madinah,5,2,White,individual,1
Huendae,sedan,4,2007,"68,555 SAR",2013,"37,610 SAR",98050,20.2,4WD,standard,Riyadh,2,4,Red,company,0
Fourd,sedan,6,2004,"90,442 SAR",2010,"40,811 SAR",231231,4.94,4WD,standard,Dhahran,3,3,Silver,individual,0
Shevy,sedan,8,1998,"80,310 SAR",2002,"40,512 SAR",80052,5.55,4WD,standard,Jeddah,8,2,White,individual,0
Fourd,crossover,6,1992,"71,313 SAR",1998,"33,873 SAR",65744,6.66,2WD,standard,Madinah,3,2,Silver,individual,0
Nesshan,crossover,4,2007,"82,266 SAR",2012,"49,408 SAR",84035,21.91,4WD,standard,Makkah,3,3,White,individual,0
Fourd,sedan,4,1993,"72,739 SAR",2000,"31,095 SAR",55365,10.6,4WD,standard,Riyadh,6,2,Red,company,0
Nesshan,sedan,4,2004,"75,368 SAR",2007,"57,453 SAR",34376,24.05,2WD,premium,Dammam,3,3,Brown,company,0
Masda,suv,4,2004,"80,752 SAR",2008,"45,023 SAR",76442,14.82,2WD,standard,Dhahran,6,1,White,company,0
Mercetes,sedan,6,2006,"78,413 SAR",2009,"44,248 SAR",56810,6.24,2WD,standard,Dhahran,10,2,Blue,individual,0
Honta,suv,6,1994,"66,244 SAR",1996,"47,983 SAR",14742,12.76,2WD,standard,Madinah,8,2,Silver,company,1
Toyoda,suv,4,2006,"100,817 SAR",2009,"68,695 SAR",145690,11.68,2WD,standard,Jeddah,10,3,Silver,company,1
JournalMotors,suv,8,1998,"100,387 SAR",2005,"45,061 SAR",60613,2.74,2WD,standard,Dhahran,5,2,White,individual,1
Huendae,sedan,6,2008,"97,897 SAR",2014,"43,943 SAR",62011,11.91,4WD,premium,Makkah,6,4,Red,individual,0
Honta,suv,8,2004,"96,902 SAR",2011,"45,671 SAR",295259,4.58,4WD,standard,Jeddah,4,1,Silver,individual,1
Wolksvagon,sedan,6,1993,"51,956 SAR",1995,"43,617 SAR",38867,12.68,2WD,standard,Riyadh,3,3,Black,individual,0
Shevy,crossover,4,1995,"105,949 SAR",1999,"56,415 SAR",169921,3.04,2WD,premium,Dhahran,3,1,Black,individual,0
Fourd,sedan,4,1998,"80,310 SAR",2004,"34,332 SAR",107899,6.58,4WD,standard,Dhahran,6,1,Gray,company,0
Shevy,suv,4,2004,"135,663 SAR",2011,"55,096 SAR",262776,4.19,4WD,standard,Riyadh,9,3,Gray,individual,0
Masda,crossover,4,2009,"85,590 SAR",2012,"61,982 SAR",18682,15.99,4WD,standard,Dhahran,2,4,Red,individual,0
JournalMotors,suv,4,1998,"120,465 SAR",2002,"70,896 SAR",61115,4.63,4WD,standard,Jeddah,3,2,Gray,individual,1
Mercetes,crossover,6,2003,"88,668 SAR",2009,"37,905 SAR",114609,4.32,2WD,standard,Riyadh,6,2,Black,individual,0
Huendae,sedan,4,2007,"79,981 SAR",2010,"49,884 SAR",27728,14.3,2WD,premium,Jeddah,9,3,Black,company,0
Honta,suv,4,2007,"119,972 SAR",2012,"58,954 SAR",114821,13.15,2WD,premium,Riyadh,5,2,White,company,0
Nesshan,sedan,4,2004,"64,601 SAR",2008,"46,223 SAR",79338,20.49,4WD,standard,Makkah,2,1,Blue,individual,1
JournalMotors,crossover,6,2003,"88,668 SAR",2009,"37,905 SAR",82615,4.9,2WD,standard,Riyadh,9,3,Brown,individual,0
Fourd,sedan,4,2004,"126,619 SAR",2011,"60,144 SAR",137224,7.08,4WD,premium,Madinah,3,3,Red,individual,0
JournalMotors,sedan,6,2005,"76,875 SAR",2013,"20,704 SAR",169498,7.16,2WD,standard,Riyadh,9,2,White,individual,1
Fourd,suv,4,1996,"96,489 SAR",2003,"43,311 SAR",92460,7.29,2WD,standard,Madinah,6,3,Brown,company,1
Fourd,suv,6,2005,"193,727 SAR",2010,"95,701 SAR",120846,5.65,4WD,premium,Jeddah,3,2,Gray,individual,0
Toyoda,suv,4,1999,"87,767 SAR",2005,"45,419 SAR",57776,11.36,2WD,standard,Jeddah,5,1,White,individual,0
Shevy,suv,4,2007,"143,967 SAR",2013,"58,468 SAR",239224,4.44,4WD,standard,Madinah,7,1,White,individual,0
JournalMotors,crossover,6,2004,"90,442 SAR",2006,"62,721 SAR",45341,3.4,2WD,standard,Makkah,2,1,Black,company,0
Toyoda,sedan,4,2003,"63,334 SAR",2010,"36,052 SAR",118621,17.0,2WD,standard,Riyadh,7,2,Silver,individual,0
JournalMotors,suv,8,2008,"146,846 SAR",2012,"70,372 SAR",187335,3.51,4WD,standard,Dammam,7,1,White,company,0
Shevy,suv,4,2007,"143,967 SAR",2016,"36,927 SAR",160323,2.57,4WD,standard,Dammam,12,2,Blue,individual,0
Shevy,crossover,4,1998,"96,372 SAR",1999,"69,214 SAR",10112,7.48,4WD,standard,Makkah,8,3,Red,individual,1
BeEmW,sedan,8,1999,"68,263 SAR",2002,"36,594 SAR",113537,5.15,2WD,standard,Madinah,8,2,Silver,individual,0
Toyoda,crossover,8,2001,"102,271 SAR",2004,"81,504 SAR",30846,7.9,2WD,premium,Dhahran,3,3,Black,individual,1
Nesshan,suv,4,2007,"102,833 SAR",2010,"57,723 SAR",159851,10.24,4WD,standard,Riyadh,8,2,Red,individual,0
Shevy,crossover,4,2004,"90,442 SAR",2006,"62,721 SAR",23461,10.5,2WD,standard,Dammam,2,1,Gray,individual,0
Huendae,sedan,4,2004,"53,834 SAR",2009,"29,393 SAR",54219,14.79,2WD,standard,Madinah,3,2,Gray,company,0
Nesshan,crossover,6,2004,"64,601 SAR",2005,"54,264 SAR",20622,12.29,2WD,standard,Dhahran,2,1,Black,individual,0
Masda,suv,6,1999,"122,874 SAR",2004,"63,734 SAR",224105,12.21,4WD,premium,Jeddah,2,1,Silver,individual,0
Masda,sedan,4,1996,"45,947 SAR",2001,"24,836 SAR",53394,16.95,2WD,standard,Dammam,9,3,Silver,individual,0
Honta,suv,4,2001,"76,094 SAR",2005,"44,783 SAR",169915,11.4,2WD,standard,Madinah,1,1,White,individual,0
Nesshan,suv,6,1997,"84,359 SAR",2005,"27,901 SAR",59038,12.25,4WD,standard,Dammam,3,2,White,individual,1
Honta,sedan,8,2001,"50,729 SAR",2005,"25,526 SAR",170382,11.71,2WD,standard,Madinah,11,4,Blue,individual,0
JournalMotors,sedan,8,2005,"76,875 SAR",2008,"48,200 SAR",31435,4.1,2WD,standard,Madinah,3,1,Black,individual,0
Wolksvagon,suv,4,1991,"74,908 SAR",1993,"53,766 SAR",40046,11.56,2WD,standard,Dhahran,12,4,Blue,individual,0
Masda,suv,4,1996,"115,787 SAR",2001,"60,058 SAR",221273,9.08,4WD,premium,Dammam,2,3,Black,individual,0
Huendae,sedan,4,1999,"48,759 SAR",2004,"23,960 SAR",57482,11.3,2WD,standard,Makkah,4,2,Gray,individual,0
Shevy,suv,6,1998,"140,542 SAR",2007,"34,246 SAR",349051,2.84,2WD,premium,Riyadh,6,2,Silver,individual,0
Mercetes,sedan,4,2007,"79,981 SAR",2013,"37,990 SAR",51038,10.7,2WD,standard,Madinah,3,2,Blue,company,0
Toyoda,suv,4,2007,"102,833 SAR",2013,"55,876 SAR",40977,10.1,2WD,standard,Dhahran,5,3,Black,individual,1
